
---------Replace All "LocalPlayer" With Your Name.
--Remove "Mouse =" or "local mouse =" at the start.
--Replace Kermat161 At The Top Of The Script With You Name.
-----------------------------Script In The Line's.

local CMouse = require(script.CMouse)
while CMouse:GetPlayer() == nil do wait() end

--//-----------------//----//---------[] | Dominus Venari | Edited by LuckyPlayerscripter | []---------\\----\\-----------------\\--

wait(0.2)

print("Note that script is just a WIP version! It's not finished")
print("Script Original by Shackluster, Edited by LuckyPlayerScripter")
print("Need to put Key Dominus on the name because of hashtags...")

--==//Wings and Halo\\==--
Circle = nil
CircleParts = {}
Equipped = false
VoidParts = {}

function RayCast(Position, Direction, MaxDistance, IgnoreList)
	return game:GetService("Workspace"):FindPartOnRayWithIgnoreList(Ray.new(Position, Direction.unit * (MaxDistance or 999.999)), IgnoreList) 
end

Player=game.Players:FindFirstChild(script.Parent.Parent.Name)
	Character=Player.Character
	m=Instance.new('Model',Character)

	local function weldBetween(a, b)
	    local weldd = Instance.new("ManualWeld")
	    weldd.Part0 = a
	    weldd.Part1 = b
	    weldd.C0 = CFrame.new()
	    weldd.C1 = b.CFrame:inverse() * a.CFrame
	    weldd.Parent = a
	    return weldd
	end
	
	it=Instance.new
	
	function nooutline(part)
		part.TopSurface,part.BottomSurface,part.LeftSurface,part.RightSurface,part.FrontSurface,part.BackSurface = 10,10,10,10,10,10
	end
	
	function part(formfactor,parent,material,reflectance,transparency,brickcolor,name,size)
		local fp=it("Part")
		fp.formFactor=formfactor
		fp.Parent=parent
		fp.Reflectance=reflectance
		fp.Transparency=transparency
		fp.CanCollide=false
		fp.Locked=true
		fp.BrickColor=BrickColor.new(tostring(brickcolor))
		fp.Name=name
		fp.Size=size
		fp.Position=Character.Torso.Position
		nooutline(fp)
		fp.Material=material
		fp:BreakJoints()
		return fp
	end
	
	function mesh(Mesh,part,meshtype,meshid,offset,scale)
		local mesh=it(Mesh)
		mesh.Parent=part
		if Mesh=="SpecialMesh" then
			mesh.MeshType=meshtype
			mesh.MeshId=meshid
		end
		mesh.Offset=offset
		mesh.Scale=scale
		return mesh
	end
	
	function weld(parent,part0,part1,c0,c1)
		local weld=it("Weld")
		weld.Parent=parent
		weld.Part0=part0
		weld.Part1=part1
		weld.C0=c0
		weld.C1=c1
		return weld
	end


handle=part(Enum.FormFactor.Symmetric,m,Enum.Material.Plastic,0,1,"Medium stone grey","Handle",Vector3.new(0.05, 0.05, 0.05))
handleweld=weld(m,Character["Head"],handle,CFrame.new(0, 0, 0, 1, 0, 0, 0, 1, 0, 0, 0, 1),CFrame.new(0.0100221634, -0.0175514221, 0.00262880325, 1.00000155, -2.14157415e-28, 0.000332000374, -2.14157415e-28, 1, -7.1100246e-32, -0.000332000374, 4.7754458e-39, 1.00000155))
Part=part(Enum.FormFactor.Brick,m,Enum.Material.Plastic,0,0,"Really black","Part",Vector3.new(0.200000003, 0.200000003, 0.200000003))
Partweld=weld(m,handle,Part,CFrame.new(0, 0, 0, 1, 0, 0, 0, 1, 0, 0, 0, 1),CFrame.new(-1.01700497, -2.78476143, 1.29093361, -0.566856563, -0.672185063, 0.476282805, -0.737335682, 0.671828806, 0.0706164688, -0.367447764, -0.311148405, -0.876456618))
mesh("SpecialMesh",Part,Enum.MeshType.FileMesh,"http://www.roblox.com/Asset/?id=9756362",Vector3.new(0, 0, 0),Vector3.new(0.00612192554, 0.244876593, 0.0612191185))
Part=part(Enum.FormFactor.Brick,m,Enum.Material.Plastic,0,0,"Really black","Part",Vector3.new(0.200000003, 0.200000003, 0.200000003))
Partweld=weld(m,handle,Part,CFrame.new(0, 0, 0, 1, 0, 0, 0, 1, 0, 0, 0, 1),CFrame.new(1.30598545, -2.48077655, 0.0464644432, 0.517703712, 0.593153298, 0.616568983, -0.381427974, 0.805089593, -0.454253823, -0.765835285, -7.74916589e-06, 0.64304328))
mesh("SpecialMesh",Part,Enum.MeshType.FileMesh,"http://www.roblox.com/Asset/?id=9756362",Vector3.new(0, 0, 0),Vector3.new(0.0612192526, 0.489753187, 0.3060956))
Part=part(Enum.FormFactor.Brick,m,Enum.Material.Plastic,0,0,"Really black","Part",Vector3.new(0.200000003, 0.200000003, 0.200000003))
Partweld=weld(m,handle,Part,CFrame.new(0, 0, 0, 1, 0, 0, 0, 1, 0, 0, 0, 1),CFrame.new(1.30610561, -2.74443865, 0.0464487076, 0.517703712, 0.593153298, 0.616568983, -0.381427974, 0.805089593, -0.454253823, -0.765835285, -7.74916589e-06, 0.64304328))
mesh("SpecialMesh",Part,Enum.MeshType.FileMesh,"http://www.roblox.com/Asset/?id=9756362",Vector3.new(0, 0, 0),Vector3.new(0.0612192526, 0.244876593, 0.183657348))
Part=part(Enum.FormFactor.Brick,m,Enum.Material.Plastic,0,0,"Really black","Part",Vector3.new(0.200000003, 0.200000003, 0.200000003))
Partweld=weld(m,handle,Part,CFrame.new(0, 0, 0, 1, 0, 0, 0, 1, 0, 0, 0, 1),CFrame.new(1.30467606, -2.68426228, 1.35071898, 0.51786989, 0.593198717, 0.616385758, -0.667816341, 0.73064208, -0.142082185, -0.534640253, -0.33804962, 0.774525344))
mesh("SpecialMesh",Part,Enum.MeshType.FileMesh,"http://www.roblox.com/Asset/?id=9756362",Vector3.new(0, 0, 0),Vector3.new(0.00612192554, 0.244876593, 0.0612191185))
Part=part(Enum.FormFactor.Brick,m,Enum.Material.Plastic,0,0,"Really black","Part",Vector3.new(0.200000003, 0.200000003, 0.200000003))
Partweld=weld(m,handle,Part,CFrame.new(0, 0, 0, 1, 0, 0, 0, 1, 0, 0, 0, 1),CFrame.new(1.30470467, -2.72549629, -1.26544809, 0.517493069, 0.593198717, 0.616701961, -0.0238876455, 0.730439425, -0.68256253, -0.85535872, 0.338487118, 0.392167568))
mesh("SpecialMesh",Part,Enum.MeshType.FileMesh,"http://www.roblox.com/Asset/?id=9756362",Vector3.new(0, 0, 0),Vector3.new(0.00612192554, 0.244876593, 0.0612191185))
Part=part(Enum.FormFactor.Brick,m,Enum.Material.Plastic,0,0,"New Yeller","Part",Vector3.new(0.200000003, 0.200000003, 0.200000003))
Partweld=weld(m,handle,Part,CFrame.new(0, 0, 0, 1, 0, 0, 0, 1, 0, 0, 0, 1),CFrame.new(1.32190132, -2.45886135, -0.04941082, -0.616569281, 0.593141377, 0.517717183, 0.45425126, 0.805098474, -0.381412238, -0.643044591, 6.64642994e-06, -0.765834033))
mesh("SpecialMesh",Part,Enum.MeshType.FileMesh,"http://www.roblox.com/Asset/?id=9756362",Vector3.new(0, 0, 0),Vector3.new(0.122438505, 0.306095749, 0.244876474))
Part=part(Enum.FormFactor.Brick,m,Enum.Material.Plastic,0,0,"Really black","Part",Vector3.new(0.200000003, 0.200000003, 0.200000003))
Partweld=weld(m,handle,Part,CFrame.new(0, 0, 0, 1, 0, 0, 0, 1, 0, 0, 0, 1),CFrame.new(1.32073355, -2.82931805, -0.0494165421, -0.616569281, 0.593141377, 0.517717183, 0.45425126, 0.805098474, -0.381412238, -0.643044591, 6.64642994e-06, -0.765834033))
mesh("SpecialMesh",Part,Enum.MeshType.FileMesh,"http://www.roblox.com/Asset/?id=9756362",Vector3.new(0, 0, 0),Vector3.new(0.0306096263, 0.918287158, 0.122438237))
Part=part(Enum.FormFactor.Brick,m,Enum.Material.Plastic,0,0,"Really black","Part",Vector3.new(0.200000003, 0.200000003, 0.200000003))
Partweld=weld(m,handle,Part,CFrame.new(0, 0, 0, 1, 0, 0, 0, 1, 0, 0, 0, 1),CFrame.new(-1.01574039, -2.54700041, -0.0494318008, -0.566985786, -0.672224939, 0.476072699, -0.514809668, 0.740347028, 0.432274401, -0.643044591, 6.67930635e-06, -0.765834033))
mesh("SpecialMesh",Part,Enum.MeshType.FileMesh,"http://www.roblox.com/Asset/?id=9756362",Vector3.new(0, 0, 0),Vector3.new(0.0612192526, 0.489753187, 0.3060956))
Part=part(Enum.FormFactor.Brick,m,Enum.Material.Plastic,0,0,"Really black","Part",Vector3.new(0.200000003, 0.200000003, 0.200000003))
Partweld=weld(m,handle,Part,CFrame.new(0, 0, 0, 1, 0, 0, 0, 1, 0, 0, 0, 1),CFrame.new(1.32186365, -2.45639038, -0.0494318008, -0.616569281, 0.593141377, 0.517717183, 0.45425126, 0.805098474, -0.381412238, -0.643044591, 6.64642994e-06, -0.765834033))
mesh("SpecialMesh",Part,Enum.MeshType.FileMesh,"http://www.roblox.com/Asset/?id=9756362",Vector3.new(0, 0, 0),Vector3.new(0.0612192526, 0.489753187, 0.3060956))
Part=part(Enum.FormFactor.Brick,m,Enum.Material.Plastic,0,0,"Really black","Part",Vector3.new(0.200000003, 0.200000003, 0.200000003))
Partweld=weld(m,handle,Part,CFrame.new(0, 0, 0, 1, 0, 0, 0, 1, 0, 0, 0, 1),CFrame.new(1.32202506, -2.72006893, -0.0494146347, -0.616569281, 0.593141377, 0.517717183, 0.45425126, 0.805098474, -0.381412238, -0.643044591, 6.64642994e-06, -0.765834033))
mesh("SpecialMesh",Part,Enum.MeshType.FileMesh,"http://www.roblox.com/Asset/?id=9756362",Vector3.new(0, 0, 0),Vector3.new(0.0612192526, 0.244876593, 0.183657348))
Part=part(Enum.FormFactor.Brick,m,Enum.Material.Plastic,0,0,"Really black","Part",Vector3.new(0.200000003, 0.200000003, 0.200000003))
Partweld=weld(m,handle,Part,CFrame.new(0, 0, 0, 1, 0, 0, 0, 1, 0, 0, 0, 1),CFrame.new(1.32062888, -2.70244646, 1.253438, -0.616386592, 0.59318614, 0.51788348, 0.142082363, 0.730658114, -0.667798877, -0.774524629, -0.338037193, -0.534649134))
mesh("SpecialMesh",Part,Enum.MeshType.FileMesh,"http://www.roblox.com/Asset/?id=9756362",Vector3.new(0, 0, 0),Vector3.new(0.00612192554, 0.244876593, 0.0612191185))
Part=part(Enum.FormFactor.Brick,m,Enum.Material.Plastic,0,0,"Really black","Part",Vector3.new(0.200000003, 0.200000003, 0.200000003))
Partweld=weld(m,handle,Part,CFrame.new(0, 0, 0, 1, 0, 0, 0, 1, 0, 0, 0, 1),CFrame.new(1.32058454, -2.66307163, -1.34215736, -0.61670351, 0.5931862, 0.517506003, 0.682556689, 0.730445147, -0.0238806624, -0.392175317, 0.338497102, -0.85535109))
mesh("SpecialMesh",Part,Enum.MeshType.FileMesh,"http://www.roblox.com/Asset/?id=9756362",Vector3.new(0, 0, 0),Vector3.new(0.00612192554, 0.244876593, 0.0612191185))
Part=part(Enum.FormFactor.Brick,m,Enum.Material.Plastic,0,0,"Really black","Part",Vector3.new(0.200000003, 0.200000003, 0.200000003))
Partweld=weld(m,handle,Part,CFrame.new(0, 0, 0, 1, 0, 0, 0, 1, 0, 0, 0, 1),CFrame.new(1.32410431, -2.6385808, 0.0402884483, 0.805022657, 0.593248308, -0.000262707734, -0.593250692, 0.805019498, 0.000206495999, 0.000334087556, -1.03694274e-05, 1.00000429))
mesh("SpecialMesh",Part,Enum.MeshType.FileMesh,"http://www.roblox.com/Asset/?id=9756362",Vector3.new(0, 0, 0),Vector3.new(0.0612192526, 0.244876593, 0.183657348))
Part=part(Enum.FormFactor.Brick,m,Enum.Material.Plastic,0,0,"New Yeller","Part",Vector3.new(0.200000003, 0.200000003, 0.200000003))
Partweld=weld(m,handle,Part,CFrame.new(0, 0, 0, 1, 0, 0, 0, 1, 0, 0, 0, 1),CFrame.new(-1.01573372, -2.54944706, -0.0494222641, -0.566985786, -0.672224939, 0.476072699, -0.514809668, 0.740347028, 0.432274401, -0.643044591, 6.67930635e-06, -0.765834033))
mesh("SpecialMesh",Part,Enum.MeshType.FileMesh,"http://www.roblox.com/Asset/?id=9756362",Vector3.new(0, 0, 0),Vector3.new(0.122438505, 0.306095749, 0.244876474))
Part=part(Enum.FormFactor.Brick,m,Enum.Material.Plastic,0,0,"Really black","Part",Vector3.new(0.200000003, 0.200000003, 0.200000003))
Partweld=weld(m,handle,Part,CFrame.new(0, 0, 0, 1, 0, 0, 0, 1, 0, 0, 0, 1),CFrame.new(-1.01702881, -2.74539042, -1.37966251, -0.567172229, -0.672185063, 0.475906938, -0.196610749, 0.671631336, 0.714324772, -0.79979229, 0.31157437, -0.513089418))
mesh("SpecialMesh",Part,Enum.MeshType.FileMesh,"http://www.roblox.com/Asset/?id=9756362",Vector3.new(0, 0, 0),Vector3.new(0.00612192554, 0.244876593, 0.0612191185))
Part=part(Enum.FormFactor.Brick,m,Enum.Material.Plastic,0,0,"Really black","Part",Vector3.new(0.200000003, 0.200000003, 0.200000003))
Partweld=weld(m,handle,Part,CFrame.new(0, 0, 0, 1, 0, 0, 0, 1, 0, 0, 0, 1),CFrame.new(-1.16786051, -2.6699791, -0.024679184, 0.000256711646, -0.631440818, 0.775427103, 0.000206167286, 0.775424004, 0.63144356, -1.00000417, -2.19456115e-06, 0.000329244649))
mesh("SpecialMesh",Part,Enum.MeshType.FileMesh,"http://www.roblox.com/Asset/?id=9756362",Vector3.new(0, 0, 0),Vector3.new(0.0612192526, 0.244876593, 0.183657348))
Part=part(Enum.FormFactor.Brick,m,Enum.Material.Plastic,0,0,"Really black","Part",Vector3.new(0.200000003, 0.200000003, 0.200000003))
Partweld=weld(m,handle,Part,CFrame.new(0, 0, 0, 1, 0, 0, 0, 1, 0, 0, 0, 1),CFrame.new(1.30745268, -2.62039042, -0.0246763229, 0.000263290771, 0.593240857, 0.805028379, -0.00019721748, 0.805025041, -0.593243122, -1.00000417, -2.59739454e-06, 0.000328961527))
mesh("SpecialMesh",Part,Enum.MeshType.FileMesh,"http://www.roblox.com/Asset/?id=9756362",Vector3.new(0, 0, 0),Vector3.new(0.0612192526, 0.244876593, 0.183657348))
Part=part(Enum.FormFactor.Brick,m,Enum.Material.Plastic,0,0,"Really black","Part",Vector3.new(0.200000003, 0.200000003, 0.200000003))
Partweld=weld(m,handle,Part,CFrame.new(0, 0, 0, 1, 0, 0, 0, 1, 0, 0, 0, 1),CFrame.new(1.30480003, -2.85367227, 0.0464134216, 0.517703712, 0.593153298, 0.616568983, -0.381427974, 0.805089593, -0.454253823, -0.765835285, -7.74916589e-06, 0.64304328))
mesh("SpecialMesh",Part,Enum.MeshType.FileMesh,"http://www.roblox.com/Asset/?id=9756362",Vector3.new(0, 0, 0),Vector3.new(0.0306096263, 0.918287158, 0.122438237))
Part=part(Enum.FormFactor.Brick,m,Enum.Material.Plastic,0,0,"Really black","Part",Vector3.new(0.200000003, 0.200000003, 0.200000003))
Partweld=weld(m,handle,Part,CFrame.new(0, 0, 0, 1, 0, 0, 0, 1, 0, 0, 0, 1),CFrame.new(-0.996117592, -2.9402914, 0.0464425087, 0.476082802, -0.672218442, 0.566984951, 0.432261109, 0.740352929, 0.514812171, -0.765835166, -7.7223558e-06, 0.64304328))
mesh("SpecialMesh",Part,Enum.MeshType.FileMesh,"http://www.roblox.com/Asset/?id=9756362",Vector3.new(0, 0, 0),Vector3.new(0.0306096263, 0.918287158, 0.122438237))
Part=part(Enum.FormFactor.Brick,m,Enum.Material.Plastic,0,0,"Really black","Part",Vector3.new(0.200000003, 0.200000003, 0.200000003))
Partweld=weld(m,handle,Part,CFrame.new(0, 0, 0, 1, 0, 0, 0, 1, 0, 0, 0, 1),CFrame.new(-0.994925022, -2.56740475, 0.0464677811, 0.476082802, -0.672218442, 0.566984951, 0.432261109, 0.740352929, 0.514812171, -0.765835166, -7.7223558e-06, 0.64304328))
mesh("SpecialMesh",Part,Enum.MeshType.FileMesh,"http://www.roblox.com/Asset/?id=9756362",Vector3.new(0, 0, 0),Vector3.new(0.0612192526, 0.489753187, 0.3060956))
Part=part(Enum.FormFactor.Brick,m,Enum.Material.Plastic,0,0,"Really black","Part",Vector3.new(0.200000003, 0.200000003, 0.200000003))
Partweld=weld(m,handle,Part,CFrame.new(0, 0, 0, 1, 0, 0, 0, 1, 0, 0, 0, 1),CFrame.new(-0.996185303, -2.80421066, -1.30132174, 0.475917101, -0.672178507, 0.567171514, 0.714314699, 0.671641886, 0.196611404, -0.513094127, 0.311565667, 0.799792826))
mesh("SpecialMesh",Part,Enum.MeshType.FileMesh,"http://www.roblox.com/Asset/?id=9756362",Vector3.new(0, 0, 0),Vector3.new(0.00612192554, 0.244876593, 0.0612191185))
Part=part(Enum.FormFactor.Brick,m,Enum.Material.Plastic,0,0,"Really black","Part",Vector3.new(0.200000003, 0.200000003, 0.200000003))
Partweld=weld(m,handle,Part,CFrame.new(0, 0, 0, 1, 0, 0, 0, 1, 0, 0, 0, 1),CFrame.new(-0.994819164, -2.83106422, 0.0464305878, 0.476082802, -0.672218442, 0.566984951, 0.432261109, 0.740352929, 0.514812171, -0.765835166, -7.7223558e-06, 0.64304328))
mesh("SpecialMesh",Part,Enum.MeshType.FileMesh,"http://www.roblox.com/Asset/?id=9756362",Vector3.new(0, 0, 0),Vector3.new(0.0612192526, 0.244876593, 0.183657348))
Part=part(Enum.FormFactor.Brick,m,Enum.Material.Plastic,0,0,"New Yeller","Part",Vector3.new(0.200000003, 0.200000003, 0.200000003))
Partweld=weld(m,handle,Part,CFrame.new(0, 0, 0, 1, 0, 0, 0, 1, 0, 0, 0, 1),CFrame.new(-0.994915485, -2.56984329, 0.0464420319, 0.476082802, -0.672218442, 0.566984951, 0.432261109, 0.740352929, 0.514812171, -0.765835166, -7.7223558e-06, 0.64304328))
mesh("SpecialMesh",Part,Enum.MeshType.FileMesh,"http://www.roblox.com/Asset/?id=9756362",Vector3.new(0, 0, 0),Vector3.new(0.122438505, 0.306095749, 0.244876474))
Part=part(Enum.FormFactor.Brick,m,Enum.Material.Plastic,0,0,"Really black","Part",Vector3.new(0.200000003, 0.200000003, 0.200000003))
Partweld=weld(m,handle,Part,CFrame.new(0, 0, 0, 1, 0, 0, 0, 1, 0, 0, 0, 1),CFrame.new(-1.15129995, -2.66263962, 0.0402750969, 0.775432706, -0.631434143, -0.000266235322, 0.631436467, 0.775429308, -0.000203192132, 0.000334728189, -1.05326717e-05, 1.00000393))
mesh("SpecialMesh",Part,Enum.MeshType.FileMesh,"http://www.roblox.com/Asset/?id=9756362",Vector3.new(0, 0, 0),Vector3.new(0.0612192526, 0.244876593, 0.183657348))
Part=part(Enum.FormFactor.Brick,m,Enum.Material.Plastic,0,0,"New Yeller","Part",Vector3.new(0.200000003, 0.200000003, 0.200000003))
Partweld=weld(m,handle,Part,CFrame.new(0, 0, 0, 1, 0, 0, 0, 1, 0, 0, 0, 1),CFrame.new(1.30596733, -2.48321819, 0.0464520454, 0.517703712, 0.593153298, 0.616568983, -0.381427974, 0.805089593, -0.454253823, -0.765835285, -7.74916589e-06, 0.64304328))
mesh("SpecialMesh",Part,Enum.MeshType.FileMesh,"http://www.roblox.com/Asset/?id=9756362",Vector3.new(0, 0, 0),Vector3.new(0.122438505, 0.306095749, 0.244876474))
Part=part(Enum.FormFactor.Brick,m,Enum.Material.Plastic,0,0,"Really black","Part",Vector3.new(0.200000003, 0.200000003, 0.200000003))
Partweld=weld(m,handle,Part,CFrame.new(0, 0, 0, 1, 0, 0, 0, 1, 0, 0, 0, 1),CFrame.new(-1.01563072, -2.81065702, -0.0494375229, -0.566985786, -0.672224939, 0.476072699, -0.514809668, 0.740347028, 0.432274401, -0.643044591, 6.67930635e-06, -0.765834033))
mesh("SpecialMesh",Part,Enum.MeshType.FileMesh,"http://www.roblox.com/Asset/?id=9756362",Vector3.new(0, 0, 0),Vector3.new(0.0612192526, 0.244876593, 0.183657348))
Part=part(Enum.FormFactor.Brick,m,Enum.Material.Plastic,0,0,"Really black","Part",Vector3.new(0.200000003, 0.200000003, 0.200000003))
Partweld=weld(m,handle,Part,CFrame.new(0, 0, 0, 1, 0, 0, 0, 1, 0, 0, 0, 1),CFrame.new(-0.996201992, -2.7630105, 1.38651466, 0.476293772, -0.672178566, 0.566855192, 0.0706075504, 0.671829045, 0.737336338, -0.876451433, -0.311161906, 0.367448896))
mesh("SpecialMesh",Part,Enum.MeshType.FileMesh,"http://www.roblox.com/Asset/?id=9756362",Vector3.new(0, 0, 0),Vector3.new(0.00612192554, 0.244876593, 0.0612191185))
Part=part(Enum.FormFactor.Brick,m,Enum.Material.Plastic,0,0,"Really black","Part",Vector3.new(0.200000003, 0.200000003, 0.200000003))
Partweld=weld(m,handle,Part,CFrame.new(0, 0, 0, 1, 0, 0, 0, 1, 0, 0, 0, 1),CFrame.new(1.32422161, -2.81512165, 0.0402588844, 0.805022657, 0.593248308, -0.000262707734, -0.593250692, 0.805019498, 0.000206495999, 0.000334087556, -1.03694274e-05, 1.00000429))
mesh("SpecialMesh",Part,Enum.MeshType.FileMesh,"http://www.roblox.com/Asset/?id=9756362",Vector3.new(0, 0, 0),Vector3.new(0.0612192526, 0.489753187, 0.3060956))
Part=part(Enum.FormFactor.Brick,m,Enum.Material.Plastic,0,0,"Really black","Part",Vector3.new(0.200000003, 0.200000003, 0.200000003))
Partweld=weld(m,handle,Part,CFrame.new(0, 0, 0, 1, 0, 0, 0, 1, 0, 0, 0, 1),CFrame.new(-1.15116453, -2.83918953, 0.0402612686, 0.775432706, -0.631434143, -0.000266235322, 0.631436467, 0.775429308, -0.000203192132, 0.000334728189, -1.05326717e-05, 1.00000393))
mesh("SpecialMesh",Part,Enum.MeshType.FileMesh,"http://www.roblox.com/Asset/?id=9756362",Vector3.new(0, 0, 0),Vector3.new(0.0612192526, 0.489753187, 0.3060956))
Part=part(Enum.FormFactor.Brick,m,Enum.Material.Neon,0,0,"New Yeller","Part",Vector3.new(0.200000003, 0.200000003, 0.200000003))
Partweld=weld(m,handle,Part,CFrame.new(0, 0, 0, 1, 0, 0, 0, 1, 0, 0, 0, 1),CFrame.new(-1.16768813, -2.88875198, -0.0247068405, 0.000256711646, -0.631440818, 0.775427103, 0.000206167286, 0.775424004, 0.63144356, -1.00000417, -2.19456115e-06, 0.000329244649))
mesh("SpecialMesh",Part,Enum.MeshType.FileMesh,"http://www.roblox.com/Asset/?id=9756362",Vector3.new(0, 0, 0),Vector3.new(0.0183657762, 0.612191498, 0.367314696))
Part=part(Enum.FormFactor.Brick,m,Enum.Material.Plastic,0,0,"Really black","Part",Vector3.new(0.200000003, 0.200000003, 0.200000003))
Partweld=weld(m,handle,Part,CFrame.new(0, 0, 0, 1, 0, 0, 0, 1, 0, 0, 0, 1),CFrame.new(1.30738544, -2.44300508, -0.0246763229, 0.000263290771, 0.593240857, 0.805028379, -0.00019721748, 0.805025041, -0.593243122, -1.00000417, -2.59739454e-06, 0.000328961527))
mesh("SpecialMesh",Part,Enum.MeshType.FileMesh,"http://www.roblox.com/Asset/?id=9756362",Vector3.new(0, 0, 0),Vector3.new(0.0612192526, 0.489753187, 0.3060956))
Part=part(Enum.FormFactor.Brick,m,Enum.Material.Plastic,0,0,"Really black","Part",Vector3.new(0.200000003, 0.200000003, 0.200000003))
Partweld=weld(m,handle,Part,CFrame.new(0, 0, 0, 1, 0, 0, 0, 1, 0, 0, 0, 1),CFrame.new(-1.01691151, -2.91986847, -0.0494298935, -0.566985786, -0.672224939, 0.476072699, -0.514809668, 0.740347028, 0.432274401, -0.643044591, 6.67930635e-06, -0.765834033))
mesh("SpecialMesh",Part,Enum.MeshType.FileMesh,"http://www.roblox.com/Asset/?id=9756362",Vector3.new(0, 0, 0),Vector3.new(0.0306096263, 0.918287158, 0.122438237))
Part=part(Enum.FormFactor.Brick,m,Enum.Material.Plastic,0,0,"Really black","Part",Vector3.new(0.200000003, 0.200000003, 0.200000003))
Partweld=weld(m,handle,Part,CFrame.new(0, 0, 0, 1, 0, 0, 0, 1, 0, 0, 0, 1),CFrame.new(1.32406902, -2.46125555, 0.0402550697, 0.805022657, 0.593248308, -0.000262707734, -0.593250692, 0.805019498, 0.000206495999, 0.000334087556, -1.03694274e-05, 1.00000429))
mesh("SpecialMesh",Part,Enum.MeshType.FileMesh,"http://www.roblox.com/Asset/?id=9756362",Vector3.new(0, 0, 0),Vector3.new(0.0612192526, 0.489753187, 0.3060956))
Part=part(Enum.FormFactor.Brick,m,Enum.Material.Neon,0,0,"New Yeller","Part",Vector3.new(0.200000003, 0.200000003, 0.200000003))
Partweld=weld(m,handle,Part,CFrame.new(0, 0, 0, 1, 0, 0, 0, 1, 0, 0, 0, 1),CFrame.new(-1.15111303, -2.88139915, 0.0402612686, 0.775432706, -0.631434143, -0.000266235322, 0.631436467, 0.775429308, -0.000203192132, 0.000334728189, -1.05326717e-05, 1.00000393))
mesh("SpecialMesh",Part,Enum.MeshType.FileMesh,"http://www.roblox.com/Asset/?id=9756362",Vector3.new(0, 0, 0),Vector3.new(0.0183657762, 0.612191498, 0.367314696))
Part=part(Enum.FormFactor.Brick,m,Enum.Material.Plastic,0,0,"Really black","Part",Vector3.new(0.200000003, 0.200000003, 0.200000003))
Partweld=weld(m,handle,Part,CFrame.new(0, 0, 0, 1, 0, 0, 0, 1, 0, 0, 0, 1),CFrame.new(-1.16772103, -2.84651947, -0.0246610641, 0.000256711646, -0.631440818, 0.775427103, 0.000206167286, 0.775424004, 0.63144356, -1.00000417, -2.19456115e-06, 0.000329244649))
mesh("SpecialMesh",Part,Enum.MeshType.FileMesh,"http://www.roblox.com/Asset/?id=9756362",Vector3.new(0, 0, 0),Vector3.new(0.0612192526, 0.489753187, 0.3060956))
Part=part(Enum.FormFactor.Brick,m,Enum.Material.Plastic,0,0,"Really black","Part",Vector3.new(0.200000003, 0.200000003, 0.200000003))
Partweld=weld(m,handle,Part,CFrame.new(0, 0, 0, 1, 0, 0, 0, 1, 0, 0, 0, 1),CFrame.new(-1.15132284, -2.48526382, 0.0402588844, 0.775432706, -0.631434143, -0.000266235322, 0.631436467, 0.775429308, -0.000203192132, 0.000334728189, -1.05326717e-05, 1.00000393))
mesh("SpecialMesh",Part,Enum.MeshType.FileMesh,"http://www.roblox.com/Asset/?id=9756362",Vector3.new(0, 0, 0),Vector3.new(0.0612192526, 0.489753187, 0.3060956))
Part=part(Enum.FormFactor.Brick,m,Enum.Material.Plastic,0,0,"Really black","Part",Vector3.new(0.200000003, 0.200000003, 0.200000003))
Partweld=weld(m,handle,Part,CFrame.new(0, 0, 0, 1, 0, 0, 0, 1, 0, 0, 0, 1),CFrame.new(1.30758429, -2.7969296, -0.0246772766, 0.000263290771, 0.593240857, 0.805028379, -0.00019721748, 0.805025041, -0.593243122, -1.00000417, -2.59739454e-06, 0.000328961527))
mesh("SpecialMesh",Part,Enum.MeshType.FileMesh,"http://www.roblox.com/Asset/?id=9756362",Vector3.new(0, 0, 0),Vector3.new(0.0612192526, 0.489753187, 0.3060956))
Part=part(Enum.FormFactor.Brick,m,Enum.Material.Neon,0,0,"New Yeller","Part",Vector3.new(0.200000003, 0.200000003, 0.200000003))
Partweld=weld(m,handle,Part,CFrame.new(0, 0, 0, 1, 0, 0, 0, 1, 0, 0, 0, 1),CFrame.new(1.30761623, -2.839185, -0.0246772766, 0.000263290771, 0.593240857, 0.805028379, -0.00019721748, 0.805025041, -0.593243122, -1.00000417, -2.59739454e-06, 0.000328961527))
mesh("SpecialMesh",Part,Enum.MeshType.FileMesh,"http://www.roblox.com/Asset/?id=9756362",Vector3.new(0, 0, 0),Vector3.new(0.0183657762, 0.612191498, 0.367314696))
Part=part(Enum.FormFactor.Brick,m,Enum.Material.Plastic,0,0,"Really black","Part",Vector3.new(0.200000003, 0.200000003, 0.200000003))
Partweld=weld(m,handle,Part,CFrame.new(0, 0, 0, 1, 0, 0, 0, 1, 0, 0, 0, 1),CFrame.new(-1.16792846, -2.49263287, -0.024679184, 0.000256711646, -0.631440818, 0.775427103, 0.000206167286, 0.775424004, 0.63144356, -1.00000417, -2.19456115e-06, 0.000329244649))
mesh("SpecialMesh",Part,Enum.MeshType.FileMesh,"http://www.roblox.com/Asset/?id=9756362",Vector3.new(0, 0, 0),Vector3.new(0.0612192526, 0.489753187, 0.3060956))
Part=part(Enum.FormFactor.Brick,m,Enum.Material.Neon,0,0,"New Yeller","Part",Vector3.new(0.200000003, 0.200000003, 0.200000003))
Partweld=weld(m,handle,Part,CFrame.new(0, 0, 0, 1, 0, 0, 0, 1, 0, 0, 0, 1),CFrame.new(1.32426548, -2.85737371, 0.0402669907, 0.805022657, 0.593248308, -0.000262707734, -0.593250692, 0.805019498, 0.000206495999, 0.000334087556, -1.03694274e-05, 1.00000429))
mesh("SpecialMesh",Part,Enum.MeshType.FileMesh,"http://www.roblox.com/Asset/?id=9756362",Vector3.new(0, 0, 0),Vector3.new(0.0183657762, 0.612191498, 0.367314696))
Part=part(Enum.FormFactor.Brick,m,Enum.Material.Plastic,0,0,"Really black","Part",Vector3.new(0.0747509971, 0.113847651, 0.0747509077))
Partweld=weld(m,handle,Part,CFrame.new(0, 0, 0, 1, 0, 0, 0, 1, 0, 0, 0, 1),CFrame.new(1.48934746, 0.0350027084, -2.90196609, 2.14157415e-28, -1, -4.7754458e-39, -0.818965018, 1.7538717e-28, 0.573850572, -0.573850572, 1.22894168e-28, -0.818965018))
Part=part(Enum.FormFactor.Brick,m,Enum.Material.Plastic,0,0,"Really black","Part",Vector3.new(0.0747509971, 0.113847651, 0.0747509077))
Partweld=weld(m,handle,Part,CFrame.new(0, 0, 0, 1, 0, 0, 0, 1, 0, 0, 0, 1),CFrame.new(1.48934746, 0.0278244019, -2.84982681, 2.14157415e-28, -1, -4.7754458e-39, -0.656312168, 1.40553898e-28, -0.754495144, 0.754495144, -1.61580479e-28, -0.656312168))
Part=part(Enum.FormFactor.Brick,m,Enum.Material.Plastic,0,0,"Really black","Part",Vector3.new(0.0747509971, 0.113847651, 0.0747509077))
Partweld=weld(m,handle,Part,CFrame.new(0, 0, 0, 1, 0, 0, 0, 1, 0, 0, 0, 1),CFrame.new(1.48934746, 0.0220708847, -2.86295652, 2.14157415e-28, -1, -4.7754458e-39, -0.883107007, 1.89123624e-28, -0.469180524, 0.469180524, -1.00478335e-28, -0.883107007))
Part=part(Enum.FormFactor.Brick,m,Enum.Material.Plastic,0,0,"Really black","Part",Vector3.new(0.0747509971, 0.113847651, 0.0747509077))
Partweld=weld(m,handle,Part,CFrame.new(0, 0, 0, 1, 0, 0, 0, 1, 0, 0, 0, 1),CFrame.new(1.48934746, 0.043223381, -2.83651447, 2.14157415e-28, -1, -4.7754458e-39, -0.191135302, 4.09329778e-29, -0.981568038, 0.981568038, -2.1020974e-28, -0.191135302))
Part=part(Enum.FormFactor.Brick,m,Enum.Material.Plastic,0,0,"Really black","Part",Vector3.new(0.0747509971, 0.113847651, 0.0747509077))
Partweld=weld(m,handle,Part,CFrame.new(0, 0, 0, 1, 0, 0, 0, 1, 0, 0, 0, 1),CFrame.new(1.48934746, 0.0247716904, -2.85519171, 2.14157415e-28, -1, -4.7754458e-39, -0.766260862, 1.64100197e-28, -0.642536163, 0.642536163, -1.37603662e-28, -0.766260862))
Part=part(Enum.FormFactor.Brick,m,Enum.Material.Plastic,0,0,"Really black","Part",Vector3.new(0.0747509971, 0.113847651, 0.0747509077))
Partweld=weld(m,handle,Part,CFrame.new(0, 0, 0, 1, 0, 0, 0, 1, 0, 0, 0, 1),CFrame.new(1.48934746, 0.0232152939, -2.85900044, 2.14157415e-28, -1, -4.7754458e-39, -0.829226494, 1.77584716e-28, -0.558920205, 0.558920205, -1.19696715e-28, -0.829226494))
Part=part(Enum.FormFactor.Brick,m,Enum.Material.Plastic,0,0,"Really black","Part",Vector3.new(0.0747509971, 0.113847651, 0.0747509077))
Partweld=weld(m,handle,Part,CFrame.new(0, 0, 0, 1, 0, 0, 0, 1, 0, 0, 0, 1),CFrame.new(1.48934746, 0.0239458084, -2.85707664, 2.14157415e-28, -1, -4.7754458e-39, -0.798838317, 1.7107689e-28, -0.601552665, 0.601552665, -1.28826754e-28, -0.798838317))
Part=part(Enum.FormFactor.Brick,m,Enum.Material.Plastic,0,0,"Really black","Part",Vector3.new(0.0747509971, 0.113847651, 0.0747509077))
Partweld=weld(m,handle,Part,CFrame.new(0, 0, 0, 1, 0, 0, 0, 1, 0, 0, 0, 1),CFrame.new(1.48934746, 0.026714325, -2.85156298, 2.14157415e-28, -1, -4.7754458e-39, -0.694899857, 1.48817726e-28, -0.719112396, 0.719112396, -1.54003004e-28, -0.694899857))
Part=part(Enum.FormFactor.Brick,m,Enum.Material.Plastic,0,0,"Really black","Part",Vector3.new(0.0747509971, 0.113847651, 0.0747509077))
Partweld=weld(m,handle,Part,CFrame.new(0, 0, 0, 1, 0, 0, 0, 1, 0, 0, 0, 1),CFrame.new(1.48934746, 0.0451002121, -2.83566475, 2.14157415e-28, -1, -4.7754458e-39, -0.139502332, 2.98754135e-29, -0.990225971, 0.990225971, -2.12063905e-28, -0.139502332))
Part=part(Enum.FormFactor.Brick,m,Enum.Material.Plastic,0,0,"Really black","Part",Vector3.new(0.0747509971, 0.113847651, 0.0747509077))
Partweld=weld(m,handle,Part,CFrame.new(0, 0, 0, 1, 0, 0, 0, 1, 0, 0, 0, 1),CFrame.new(1.48934746, 0.0362405777, -2.84085369, 2.14157415e-28, -1, -4.7754458e-39, -0.391038179, 8.37435928e-29, -0.920379043, 0.920379043, -1.97105689e-28, -0.391038179))
Part=part(Enum.FormFactor.Brick,m,Enum.Material.Plastic,0,0,"Really black","Part",Vector3.new(0.0747509971, 0.113847651, 0.0747509077))
Partweld=weld(m,handle,Part,CFrame.new(0, 0, 0, 1, 0, 0, 0, 1, 0, 0, 0, 1),CFrame.new(1.48934746, 0.0378990173, -2.83963108, 2.14157415e-28, -1, -4.7754458e-39, -0.342333198, 7.33130812e-29, -0.939583063, 0.939583063, -2.0121838e-28, -0.342333198))
Part=part(Enum.FormFactor.Brick,m,Enum.Material.Plastic,0,0,"Really black","Part",Vector3.new(0.0747509971, 0.113847651, 0.0747509077))
Partweld=weld(m,handle,Part,CFrame.new(0, 0, 0, 1, 0, 0, 0, 1, 0, 0, 0, 1),CFrame.new(1.48934746, 0.0316791534, -2.8450079, 2.14157415e-28, -1, -4.7754458e-39, -0.530202866, 1.13546691e-28, -0.847875714, 0.847875714, -1.81578601e-28, -0.530202866))
Part=part(Enum.FormFactor.Brick,m,Enum.Material.Plastic,0,0,"Really black","Part",Vector3.new(0.0747509971, 0.113847651, 0.0747509077))
Partweld=weld(m,handle,Part,CFrame.new(0, 0, 0, 1, 0, 0, 0, 1, 0, 0, 0, 1),CFrame.new(1.48934746, 0.0225944519, -2.86096406, 2.14157415e-28, -1, -4.7754458e-39, -0.857341766, 1.83605811e-28, -0.514755726, 0.514755726, -1.10238581e-28, -0.857341766))
Part=part(Enum.FormFactor.Brick,m,Enum.Material.Plastic,0,0,"Really black","Part",Vector3.new(0.0747509971, 0.113847651, 0.0747509077))
Partweld=weld(m,handle,Part,CFrame.new(0, 0, 0, 1, 0, 0, 0, 1, 0, 0, 0, 1),CFrame.new(1.48934746, 0.0346488953, -2.84215927, 2.14157415e-28, -1, -4.7754458e-39, -0.438671023, 9.39445034e-29, -0.898652315, 0.898652315, -1.92452775e-28, -0.438671023))
Part=part(Enum.FormFactor.Brick,m,Enum.Material.Plastic,0,0,"Really black","Part",Vector3.new(0.0747509971, 0.113847651, 0.0747509077))
Partweld=weld(m,handle,Part,CFrame.new(0, 0, 0, 1, 0, 0, 0, 1, 0, 0, 0, 1),CFrame.new(1.48934746, 0.0331268311, -2.84354305, 2.14157415e-28, -1, -4.7754458e-39, -0.4851017, 1.03887971e-28, -0.874462545, 0.874462545, -1.87272336e-28, -0.4851017))
Part=part(Enum.FormFactor.Brick,m,Enum.Material.Plastic,0,0,"Really black","Part",Vector3.new(0.0747509971, 0.113847651, 0.0747509077))
Partweld=weld(m,handle,Part,CFrame.new(0, 0, 0, 1, 0, 0, 0, 1, 0, 0, 0, 1),CFrame.new(1.48934746, 0.0290250778, -2.84815359, 2.14157415e-28, -1, -4.7754458e-39, -0.615925491, 1.31904811e-28, -0.787809789, 0.787809789, -1.6871505e-28, -0.615925491))
Part=part(Enum.FormFactor.Brick,m,Enum.Material.Plastic,0,0,"Really black","Part",Vector3.new(0.0747509971, 0.113847651, 0.0747509077))
Partweld=weld(m,handle,Part,CFrame.new(0, 0, 0, 1, 0, 0, 0, 1, 0, 0, 0, 1),CFrame.new(1.48934746, 0.0303077698, -2.84654331, 2.14157415e-28, -1, -4.7754458e-39, -0.573850453, 1.22894143e-28, -0.818965197, 0.818965197, -1.75387206e-28, -0.573850453))
Part=part(Enum.FormFactor.Brick,m,Enum.Material.Plastic,0,0,"Really black","Part",Vector3.new(0.0747509971, 0.113847651, 0.0747509077))
Partweld=weld(m,handle,Part,CFrame.new(0, 0, 0, 1, 0, 0, 0, 1, 0, 0, 0, 1),CFrame.new(1.48934746, 0.0396180153, -2.83849812, 2.14157415e-28, -1, -4.7754458e-39, -0.292690337, 6.26817072e-29, -0.956211627, 0.956211627, -2.04779509e-28, -0.292690337))
Part=part(Enum.FormFactor.Brick,m,Enum.Material.Plastic,0,0,"Really black","Part",Vector3.new(0.0747509971, 0.113847651, 0.0747509077))
Partweld=weld(m,handle,Part,CFrame.new(0, 0, 0, 1, 0, 0, 0, 1, 0, 0, 0, 1),CFrame.new(1.48934746, 0.0256948471, -2.85334826, 2.14157415e-28, -1, -4.7754458e-39, -0.731583118, 1.56673703e-28, -0.681758463, 0.681758463, -1.46003401e-28, -0.731583118))
Part=part(Enum.FormFactor.Brick,m,Enum.Material.Plastic,0,0,"Really black","Part",Vector3.new(0.0747509971, 0.113847651, 0.0747509077))
Partweld=weld(m,handle,Part,CFrame.new(0, 0, 0, 1, 0, 0, 0, 1, 0, 0, 0, 1),CFrame.new(1.48934746, 0.0652692318, -2.83288574, 2.14157415e-28, -1, -4.7754458e-39, 0.374300778, -8.01591663e-29, -0.927311957, 0.927311957, -1.98590425e-28, 0.374300778))
Part=part(Enum.FormFactor.Brick,m,Enum.Material.Plastic,0,0,"Really black","Part",Vector3.new(0.0747509971, 0.113847651, 0.0747509077))
Partweld=weld(m,handle,Part,CFrame.new(0, 0, 0, 1, 0, 0, 0, 1, 0, 0, 0, 1),CFrame.new(1.48934746, 0.0233707428, -2.8852582, 2.14157415e-28, -1, -4.7754458e-39, -0.996169984, 2.13336873e-28, 0.0874864534, -0.0874864534, 1.87358437e-29, -0.996169984))
Part=part(Enum.FormFactor.Brick,m,Enum.Material.Plastic,0,0,"Really black","Part",Vector3.new(0.0747509971, 0.113847651, 0.0747509077))
Partweld=weld(m,handle,Part,CFrame.new(0, 0, 0, 1, 0, 0, 0, 1, 0, 0, 0, 1),CFrame.new(1.48934746, 0.0693187714, -2.8336134, 2.14157415e-28, -1, -4.7754458e-39, 0.469180703, -1.00478371e-28, -0.883107007, 0.883107007, -1.89123624e-28, 0.469180703))
Part=part(Enum.FormFactor.Brick,m,Enum.Material.Plastic,0,0,"Really black","Part",Vector3.new(0.0747509971, 0.113847651, 0.0747509077))
Partweld=weld(m,handle,Part,CFrame.new(0, 0, 0, 1, 0, 0, 0, 1, 0, 0, 0, 1),CFrame.new(1.48934746, 0.0732748508, -2.83476257, 2.14157415e-28, -1, -4.7754458e-39, 0.558920205, -1.19696715e-28, -0.829226613, 0.829226613, -1.7758474e-28, 0.558920205))
Part=part(Enum.FormFactor.Brick,m,Enum.Material.Plastic,0,0,"Really black","Part",Vector3.new(0.0747509971, 0.113847651, 0.0747509077))
Partweld=weld(m,handle,Part,CFrame.new(0, 0, 0, 1, 0, 0, 0, 1, 0, 0, 0, 1),CFrame.new(1.48934746, 0.0752027035, -2.83548069, 2.14157415e-28, -1, -4.7754458e-39, 0.601552784, -1.2882679e-28, -0.798838377, 0.798838377, -1.71076902e-28, 0.601552784))
Part=part(Enum.FormFactor.Brick,m,Enum.Material.Plastic,0,0,"Really black","Part",Vector3.new(0.0747509971, 0.113847651, 0.0747509077))
Partweld=weld(m,handle,Part,CFrame.new(0, 0, 0, 1, 0, 0, 0, 1, 0, 0, 0, 1),CFrame.new(1.48934746, 0.090423584, -2.89727211, 2.14157415e-28, -1, -4.7754458e-39, 0.573850572, -1.22894168e-28, 0.818965018, -0.818965018, 1.7538717e-28, 0.573850572))
Part=part(Enum.FormFactor.Brick,m,Enum.Material.Plastic,0,0,"Really black","Part",Vector3.new(0.0747509971, 0.113847651, 0.0747509077))
Partweld=weld(m,handle,Part,CFrame.new(0, 0, 0, 1, 0, 0, 0, 1, 0, 0, 0, 1),CFrame.new(1.48934746, 0.0917100906, -2.89566541, 2.14157415e-28, -1, -4.7754458e-39, 0.615925491, -1.31904811e-28, 0.787809789, -0.787809789, 1.6871505e-28, 0.615925491))
Part=part(Enum.FormFactor.Brick,m,Enum.Material.Plastic,0,0,"Really black","Part",Vector3.new(0.0747509971, 0.113847651, 0.0747509077))
Partweld=weld(m,handle,Part,CFrame.new(0, 0, 0, 1, 0, 0, 0, 1, 0, 0, 0, 1),CFrame.new(1.48934746, 0.0211420059, -2.86905479, 2.14157415e-28, -1, -4.7754458e-39, -0.945630491, 2.02513484e-28, -0.32525596, 0.32525596, -6.96558666e-29, -0.945630491))
Part=part(Enum.FormFactor.Brick,m,Enum.Material.Plastic,0,0,"Really black","Part",Vector3.new(0.0747509971, 0.113847651, 0.0747509077))
Partweld=weld(m,handle,Part,CFrame.new(0, 0, 0, 1, 0, 0, 0, 1, 0, 0, 0, 1),CFrame.new(1.48934746, 0.0216531754, -2.86497068, 2.14157415e-28, -1, -4.7754458e-39, -0.906451821, 1.94123074e-28, -0.422319412, 0.422319412, -9.04426873e-29, -0.906451821))
Part=part(Enum.FormFactor.Brick,m,Enum.Material.Plastic,0,0,"Really black","Part",Vector3.new(0.0747509971, 0.113847651, 0.0747509077))
Partweld=weld(m,handle,Part,CFrame.new(0, 0, 0, 1, 0, 0, 0, 1, 0, 0, 0, 1),CFrame.new(1.48934746, 0.0529713631, -2.83328629, 2.14157415e-28, -1, -4.7754458e-39, 0.0694259033, -1.48680483e-29, -0.997591317, 0.997591317, -2.13641242e-28, 0.0694259033))
Part=part(Enum.FormFactor.Brick,m,Enum.Material.Plastic,0,0,"Really black","Part",Vector3.new(0.0747509971, 0.113847651, 0.0747509077))
Partweld=weld(m,handle,Part,CFrame.new(0, 0, 0, 1, 0, 0, 0, 1, 0, 0, 0, 1),CFrame.new(1.48934746, 0.0509595871, -2.83372307, 2.14157415e-28, -1, -4.7754458e-39, 0.0171207041, -3.66651998e-30, -0.999857605, 0.999857605, -2.141266e-28, 0.0171207041))
Part=part(Enum.FormFactor.Brick,m,Enum.Material.Plastic,0,0,"Really black","Part",Vector3.new(0.0747509971, 0.113847651, 0.0747509077))
Partweld=weld(m,handle,Part,CFrame.new(0, 0, 0, 1, 0, 0, 0, 1, 0, 0, 0, 1),CFrame.new(1.48934746, 0.0221786499, -2.88131666, 2.14157415e-28, -1, -4.7754458e-39, -0.999857605, 2.141266e-28, -0.0171207637, 0.0171207637, -3.66653277e-30, -0.999857605))
Part=part(Enum.FormFactor.Brick,m,Enum.Material.Plastic,0,0,"Really black","Part",Vector3.new(0.0747509971, 0.113847651, 0.0747509077))
Partweld=weld(m,handle,Part,CFrame.new(0, 0, 0, 1, 0, 0, 0, 1, 0, 0, 0, 1),CFrame.new(1.48934746, 0.0217370987, -2.87930393, 2.14157415e-28, -1, -4.7754458e-39, -0.997591317, 2.13641242e-28, -0.0694257542, 0.0694257542, -1.48680167e-29, -0.997591317))
Part=part(Enum.FormFactor.Brick,m,Enum.Material.Plastic,0,0,"Really black","Part",Vector3.new(0.0747509971, 0.113847651, 0.0747509077))
Partweld=weld(m,handle,Part,CFrame.new(0, 0, 0, 1, 0, 0, 0, 1, 0, 0, 0, 1),CFrame.new(1.48934746, 0.0611612797, -2.83259296, 2.14157415e-28, -1, -4.7754458e-39, 0.275319457, -5.8961617e-29, -0.961357176, 0.961357176, -2.05881454e-28, 0.275319457))
Part=part(Enum.FormFactor.Brick,m,Enum.Material.Plastic,0,0,"Really black","Part",Vector3.new(0.0747509971, 0.113847651, 0.0747509077))
Partweld=weld(m,handle,Part,CFrame.new(0, 0, 0, 1, 0, 0, 0, 1, 0, 0, 0, 1),CFrame.new(1.48934746, 0.0673005581, -2.83319759, 2.14157415e-28, -1, -4.7754458e-39, 0.422319263, -9.04426572e-29, -0.906451821, 0.906451821, -1.94123074e-28, 0.422319263))
Part=part(Enum.FormFactor.Brick,m,Enum.Material.Plastic,0,0,"Really black","Part",Vector3.new(0.0747509971, 0.113847651, 0.0747509077))
Partweld=weld(m,handle,Part,CFrame.new(0, 0, 0, 1, 0, 0, 0, 1, 0, 0, 0, 1),CFrame.new(1.48934746, 0.0550003052, -2.83295345, 2.14157415e-28, -1, -4.7754458e-39, 0.121540345, -2.60287265e-29, -0.992590725, 0.992590725, -2.12570329e-28, 0.121540345))
Part=part(Enum.FormFactor.Brick,m,Enum.Material.Plastic,0,0,"Really black","Part",Vector3.new(0.0747509971, 0.113847651, 0.0747509077))
Partweld=weld(m,handle,Part,CFrame.new(0, 0, 0, 1, 0, 0, 0, 1, 0, 0, 0, 1),CFrame.new(1.48934746, 0.02272892, -2.88330364, 2.14157415e-28, -1, -4.7754458e-39, -0.99938345, 2.14025032e-28, 0.0352311507, -0.0352311507, 7.54499983e-30, -0.99938345))
Part=part(Enum.FormFactor.Brick,m,Enum.Material.Plastic,0,0,"Really black","Part",Vector3.new(0.0747509971, 0.113847651, 0.0747509077))
Partweld=weld(m,handle,Part,CFrame.new(0, 0, 0, 1, 0, 0, 0, 1, 0, 0, 0, 1),CFrame.new(1.48934746, 0.0241250992, -2.88717461, 2.14157415e-28, -1, -4.7754458e-39, -0.990225971, 2.12063905e-28, 0.139502242, -0.139502242, 2.98753954e-29, -0.990225971))
Part=part(Enum.FormFactor.Brick,m,Enum.Material.Plastic,0,0,"Really black","Part",Vector3.new(0.0747509971, 0.113847651, 0.0747509077))
Partweld=weld(m,handle,Part,CFrame.new(0, 0, 0, 1, 0, 0, 0, 1, 0, 0, 0, 1),CFrame.new(1.48934746, 0.0713107586, -2.83413601, 2.14157415e-28, -1, -4.7754458e-39, 0.514755607, -1.10238557e-28, -0.857341766, 0.857341766, -1.83605811e-28, 0.514755607))
Part=part(Enum.FormFactor.Brick,m,Enum.Material.Plastic,0,0,"Really black","Part",Vector3.new(0.0747509971, 0.113847651, 0.0747509077))
Partweld=weld(m,handle,Part,CFrame.new(0, 0, 0, 1, 0, 0, 0, 1, 0, 0, 0, 1),CFrame.new(1.48934746, 0.0470175743, -2.83491993, 2.14157415e-28, -1, -4.7754458e-39, -0.087486513, 1.87358573e-29, -0.996169984, 0.996169984, -2.13336873e-28, -0.087486513))
Part=part(Enum.FormFactor.Brick,m,Enum.Material.Plastic,0,0,"Really black","Part",Vector3.new(0.0747509971, 0.113847651, 0.0747509077))
