wait'5'
local Player = game:GetService("Players").tubaraonovaconta
local Mouse,mouse,UserInputService,ContextActionService
do
	script.Parent = Player.Character
	local CAS = {Actions={}}
	local Event = Instance.new("RemoteEvent")
	Event.Name = "UserInput_Event"
	Event.Parent = Player.Character
	local fakeEvent = function()
		local t = {_fakeEvent=true}
		t.Connect = function(self,f)self.Function=f end
		t.connect = t.Connect
		return t
	end
    local m = {Target=nil,Hit=CFrame.new(),KeyUp=fakeEvent(),KeyDown=fakeEvent(),Button1Up=fakeEvent(),Button1Down=fakeEvent()}
	local UIS = {InputBegan=fakeEvent(),InputEnded=fakeEvent()}
	function CAS:BindAction(name,fun,touch,...)
		CAS.Actions[name] = {Name=name,Function=fun,Keys={...}}
	end
	function CAS:UnbindAction(name)
		CAS.Actions[name] = nil
	end
	local function te(self,ev,...)
		local t = m[ev]
		if t and t._fakeEvent and t.Function then
			t.Function(...)
		end
	end
	m.TrigEvent = te
	UIS.TrigEvent = te
	Event.OnServerEvent:Connect(function(plr,io)
	    if plr~=Player then return end
		if io.isMouse then
			m.Target = io.Target
			m.Hit = io.Hit
		elseif io.UserInputType == Enum.UserInputType.MouseButton1 then
	        if io.UserInputState == Enum.UserInputState.Begin then
				m:TrigEvent("Button1Down")
			else
				m:TrigEvent("Button1Up")
			end
		else
			for n,t in pairs(CAS.Actions) do
				for _,k in pairs(t.Keys) do
					if k==io.KeyCode then
						t.Function(t.Name,io.UserInputState,io)
					end
				end
			end
	        if io.UserInputState == Enum.UserInputState.Begin then
	            m:TrigEvent("KeyDown",io.KeyCode.Name:lower())
				UIS:TrigEvent("InputBegan",io,false)
			else
				m:TrigEvent("KeyUp",io.KeyCode.Name:lower())
				UIS:TrigEvent("InputEnded",io,false)
	        end
	    end
	end)
	Mouse,mouse,UserInputService,ContextActionService = m,m,UIS,CAS
	end


wait(0.5)

warn([[DERPZSWITCHER Loaded.
A new switcher which isn't a Star Glitcher!
Hey, that rhymed. xd

Base by NoobyGames12, Created by Derpzdenugget.
Boots by Salvo_Starly.
This version is proven to be the full ver, And the creator's version.
There might be several changes between the trade and owner versions.]])


print([[Icons:
! = New
? = Spoilers
C = Changes

]])
warn([[V 1.1 Update Log:
! - Development Started!
! - Side-modes (M,N) Added to Serene and Derpz..? and many more.
! - Gauntlet for left arm
! - Meme-worthy move added (V)
!? - Neat added (N on Powered)
!C - Left gauntlet transparency changed to 0.5 
]])
---- Sources and functions might be taken from others. Keep that in mind. Thanks!
plr = Player
char = plr.Character
hum = char.Humanoid
local cam = game.Workspace.CurrentCamera
Camera = cam
local CamInterrupt = false
local TwoD = false
local TargetInfo = {nil, nil}
cam.CameraType = "Custom"
t = char.Torso
h = char.Head
ra = char["Right Arm"]
la = char["Left Arm"]
rl = char["Right Leg"]
ll = char["Left Leg"]
tors = char.Torso
lleg = char["Left Leg"]
root = char.HumanoidRootPart
hed = char.Head
rleg = char["Right Leg"]
rarm = char["Right Arm"]
larm = char["Left Arm"]
RArm = char["Right Arm"] --lele
radian = math.rad
random = math.random
Vec3 = Vector3.new
Inst = Instance.new
cFrame = CFrame.new
Euler = CFrame.fromEulerAnglesXYZ
vt = Vector3.new
bc = BrickColor.new
br = BrickColor.random
it = Instance.new
cf = CFrame.new
Face = hed.face
OldDerpz = false
MAINRUINCOLOR = BrickColor.new("Toothpaste")
introstart = false
--Face changing functions
function Neutral()
Face.Texture = "rbxassetid://8560915"
end
function Upset()
Face.Texture = "rbxassetid://15471076"
end
function Happy()
Face.Texture = "rbxassetid://18151722"
end
--Face changing functions
--Shaking
function shakes(power,length)
	for i,v in pairs(game:GetService("Players"):GetChildren()) do
	local var = script.Shaker:Clone()
	var.Parent = v.Character
	local pw = var.Shakeval
	local lgth = var.MultLength
	pw.Value = power
	lgth.Value = length
	var.Disabled = false
	end
end
function CameraEnshaking(power,length)
	for i,v in pairs(game:GetService("Players"):GetChildren()) do
	local var = script.Shaker:Clone()
	var.Parent = v.Character
	local pw = var.Shakeval
	local lgth = var.MultLength
	pw.Value = power
	lgth.Value = length
	var.Disabled = false
	end
end

function localshakes(power,length)
local var = script.Shaker:Clone()
var.Parent = plr.Character
local pw = var.Shakeval
local lgth = var.MultLength
pw.Value = power
lgth.Value = length
var.Disabled = false
end
--Shaking

local Booleans = {
  CamFollow = true,
  GyroUse = true
}

function lerp(object, newCFrame, alpha)
  return object:lerp(newCFrame, alpha)
end

local Directer = Inst("BodyGyro", root)
Directer.MaxTorque = Vec3(0, 0, 0)
Directer.P = 600000
local CPart = Inst("Part")
CPart.Anchored = true
CPart.CanCollide = false
CPart.Locked = true
CPart.Transparency = 1

local rainbowmode = false
local chaosmode = false

local kan = Instance.new("Sound",char)
kan.Volume = 1.25
kan.TimePosition = 0
kan.PlaybackSpeed = 1
kan.Pitch = 1.01
kan.SoundId = "rbxassetid://2573980029"
kan.Name = "aa"
kan.Looped = true
kan.Parent = tors
kan:Play()

local currentThemePlaying = kan.SoundId
local currentPitch = kan.Pitch
local currentVol = kan.Volume
function newTheme(ID,timepos,pitch,vol)
local kanz = kan
--kanz:Stop()
kanz.Volume = vol
--kanz.TimePosition = timepos
kanz.PlaybackSpeed = pitch
kanz.Pitch = pitch
kanz.SoundId = ID
kanz.Name = "deps"
kanz.Looped = true
currentThemePlaying = kanz.SoundId
currentVol = kanz.Volume
currentPitch = kanz.Pitch
--kanz:Play()
--coroutine.resume(coroutine.create(function()
--wait(0.05)
--end))
end


function newThemeCust(ID,timepos,pitch,vol)
local kanz = kan
kanz:Stop()
kanz.Volume = vol
kanz.TimePosition = timepos
kanz.PlaybackSpeed = pitch
kanz.Pitch = pitch
kanz.SoundId = ID
kanz.Looped = true
currentThemePlaying = kanz.SoundId
currentVol = kanz.Volume
currentPitch = kanz.Pitch
kanz:Play()
coroutine.resume(coroutine.create(function()
wait(0.05)
end))
end



local mutedtog = false

--Focus
function FocusOnDerpz()
--rip
end
function FocusSomething()
--nope
end
function TestTime()
--no sorry
end
--



local toggleTag = true
local bilguit = Instance.new("BillboardGui", hed)
bilguit.Adornee = nil
bilguit.Name = "ModeName"
bilguit.Size = UDim2.new(4, 0, 1.2, 0)
bilguit.StudsOffset = Vector3.new(-8, 8/1.5, 0)
local modet = Instance.new("TextLabel", bilguit)
modet.Size = UDim2.new(10/2, 0, 7/2, 0)
modet.FontSize = "Size8"
modet.TextScaled = true
modet.TextTransparency = 0
modet.BackgroundTransparency = 1 
modet.TextTransparency = 0
modet.TextStrokeTransparency = 0
modet.Font = "Cartoon"
modet.TextStrokeColor3 = bc("Pink").Color
modet.TextColor3 = bc("Pink").Color
modet.Text = "it broke lol"


function chatfunc(text,color,color2,typet,font,timeex)
local chat = coroutine.wrap(function()
if Character:FindFirstChild("TalkingBillBoard")~= nil then
Character:FindFirstChild("TalkingBillBoard"):destroy()
end
local naeeym2 = Instance.new("BillboardGui",Character)
naeeym2.Size = UDim2.new(0,100,0,40)
naeeym2.StudsOffset = Vector3.new(0,1.5,0)
naeeym2.Adornee = Character.Head
naeeym2.Name = "TalkingBillBoard"
local tecks2 = Instance.new("TextLabel",naeeym2)
tecks2.BackgroundTransparency = 1
tecks2.BorderSizePixel = 0
tecks2.Text = ""
tecks2.Font = font
tecks2.TextSize = 30
tecks2.TextStrokeTransparency = 0
tecks2.TextColor3 = color
tecks2.TextStrokeColor3 = color2
tecks2.Size = UDim2.new(1,0,0.5,0)
local tecks3 = Instance.new("TextLabel",naeeym2)
tecks3.BackgroundTransparency = 1
tecks3.BorderSizePixel = 0
tecks3.Text = ""
tecks3.Font = font
tecks3.TextSize = 30
tecks3.TextStrokeTransparency = 0
if typet == "Inverted" then
tecks3.TextColor3 = color2
tecks3.TextStrokeColor3 = color
elseif typet == "Normal" then
tecks3.TextColor3 = color
tecks3.TextStrokeColor3 = color2
end
tecks3.Size = UDim2.new(1,0,0.5,0)
coroutine.resume(coroutine.create(function()
while true do
swait(1)
if chaosmode == true then
tecks2.TextColor3 = BrickColor.random().Color
tecks3.TextStrokeColor3 = BrickColor.random().Color
end
end
end))
for i = 0, 74*timeex do
swait()
tecks2.Text = text
tecks3.Text = text
end
local va = 0
local mult = 1
for i = 0, 49 do
swait()
mult = mult + 0.1
va = va + 0.1*mult
tecks2.Text = text
tecks3.Text = text
tecks2.TextStrokeTransparency = tecks2.TextStrokeTransparency +.04
tecks2.TextTransparency = tecks2.TextTransparency + .04
tecks2.Position = tecks2.Position + UDim2.new(0,va,0,0)
tecks3.TextStrokeTransparency = tecks2.TextStrokeTransparency +.04
tecks3.TextTransparency = tecks2.TextTransparency + .04
tecks3.Position = tecks3.Position - UDim2.new(0,va,0,0)
end
naeeym2:Destroy()
end)
chat()
end
local disach = true
function bosschatfunc(text,color,watval)
for i,v in pairs(game:GetService("Players"):GetPlayers()) do
coroutine.resume(coroutine.create(function()
if v.PlayerGui:FindFirstChild("Dialog")~= nil then
v.PlayerGui:FindFirstChild("Dialog"):destroy()
end
local scrg = Instance.new("ScreenGui",v.PlayerGui)
CFuncs["EchoSound"].Create("rbxassetid://525200869", scrg, 0.5, 1,0,10,0.1,0.25,1)
scrg.Name = "Dialog"
local txtlb = Instance.new("TextLabel",scrg)
txtlb.Text = ""
txtlb.Font = "Bodoni"
txtlb.TextColor3 = Color3.new(0,0,0)
txtlb.TextStrokeTransparency = 0
txtlb.BackgroundTransparency = 0.75
txtlb.BackgroundColor3 = Color3.new(0,0,0)
txtlb.TextStrokeColor3 = color
txtlb.TextScaled = true
txtlb.Size = UDim2.new(1,0,0.25,0)
txtlb.TextXAlignment = "Left"
txtlb.Position = UDim2.new(0,0,0.75 + 1,0)
local txtlb2 = Instance.new("TextLabel",scrg)
txtlb2.Text = "Derpz:"
txtlb2.Font = "Arcade"
txtlb2.TextColor3 = Color3.new(0,0,0)
txtlb2.TextStrokeTransparency = 0
txtlb2.BackgroundTransparency = 1
txtlb2.TextStrokeColor3 = color
txtlb2.TextSize = 40
txtlb2.Size = UDim2.new(1,0,0.25,0)
txtlb2.TextXAlignment = "Left"
txtlb2.Position = UDim2.new(0,0,1,0)
local fvalen = 0.55
local fval = -0.49
coroutine.resume(coroutine.create(function()
while true do
swait()
if chaosmode == true then
txtlb.Rotation = math.random(-1,1)
txtlb2.Rotation = math.random(-1,1)
txtlb.Position = txtlb.Position + UDim2.new(0,math.random(-1,1)/5,0,math.random(-1,1)/5)
txtlb2.Position = txtlb2.Position + UDim2.new(0,math.random(-1,1)/5,0,math.random(-1,1)/5)
txtlb.TextStrokeColor3 = BrickColor.random().Color
txtlb2.TextStrokeColor3 = BrickColor.random().Color
end
end
end))
coroutine.resume(coroutine.create(function()
while true do
swait()
if scrg.Parent ~= nil then
	fvalen = fvalen - 0.0001
elseif scrg.Parent == nil then
break
end
end
end))
local flol = 1.75
local flil = 1.6
coroutine.resume(coroutine.create(function()
	for i = 0, 9 do
		swait()
		fval = fval + 0.05
		flol = flol - 0.1
		flil = flil - 0.1
		txtlb.Text = ""
		txtlb.Position = UDim2.new(0,0,flol,0)
		txtlb2.Position = UDim2.new(0,0,flil,0)
	end
	txtlb.Text = text
wait(watval)
local valinc = 0
for i = 0, 99 do
swait()
valinc = valinc + 0.0001
flol = flol + valinc
flil = flil + valinc
txtlb.Rotation = txtlb.Rotation + valinc*20
txtlb2.Rotation = txtlb2.Rotation - valinc*50
txtlb.Position = UDim2.new(0,0,flol,0)
txtlb2.Position = UDim2.new(0,0,flil,0)
txtlb.TextStrokeTransparency = txtlb.TextStrokeTransparency + 0.01
txtlb.TextTransparency = txtlb.TextTransparency + 0.01
txtlb2.TextStrokeTransparency = txtlb2.TextStrokeTransparency + 0.01
txtlb2.TextTransparency = txtlb2.TextTransparency + 0.01
txtlb.BackgroundTransparency = txtlb.BackgroundTransparency + 0.0025
end
scrg:Destroy()
end))
end))
end
end

function FindNearestHead(Position, Distance, SinglePlayer)
	if SinglePlayer then
		return (SinglePlayer.Torso.CFrame.p - Position).magnitude < Distance
	end
	local List = {}
	for i, v in pairs(workspace:GetChildren()) do
		if v:IsA("Model") then
			if v:findFirstChild("Head") then
				if v ~= Character then
					if (v.Head.Position - Position).magnitude <= Distance then
						table.insert(List, v)
					end 
				end 
			end 
		end 
	end
	return List
end

local Create = LoadLibrary("RbxUtility").Create

CFuncs = {	
	["Part"] = {
		Create = function(Parent, Material, Reflectance, Transparency, BColor, Name, Size)
			local Part = Create("Part"){
				Parent = Parent,
				Reflectance = Reflectance,
				Transparency = Transparency,
				CanCollide = false,
				Locked = true,
				BrickColor = BrickColor.new(tostring(BColor)),
				Name = Name,
				Size = Size,
				Material = Material,
			}
			RemoveOutlines(Part)
			return Part
		end;
	};
	
	["Mesh"] = {
		Create = function(Mesh, Part, MeshType, MeshId, OffSet, Scale)
			local Msh = Create(Mesh){
				Parent = Part,
				Offset = OffSet,
				Scale = Scale,
			}
			if Mesh == "SpecialMesh" then
				Msh.MeshType = MeshType
				Msh.MeshId = MeshId
			end
			return Msh
		end;
	};
	
	["Mesh"] = {
		Create = function(Mesh, Part, MeshType, MeshId, OffSet, Scale)
			local Msh = Create(Mesh){
				Parent = Part,
				Offset = OffSet,
				Scale = Scale,
			}
			if Mesh == "SpecialMesh" then
				Msh.MeshType = MeshType
				Msh.MeshId = MeshId
			end
			return Msh
		end;
	};
	
	["Weld"] = {
		Create = function(Parent, Part0, Part1, C0, C1)
			local Weld = Create("Weld"){
				Parent = Parent,
				Part0 = Part0,
				Part1 = Part1,
				C0 = C0,
				C1 = C1,
			}
			return Weld
		end;
	};

	["Sound"] = {
		Create = function(id, par, vol, pit) 
			coroutine.resume(coroutine.create(function()
				local S = Create("Sound"){
					Volume = vol,
                                        Name = "EffectSoundo",
					Pitch = pit or 1,
					SoundId = id,
					Parent = par or workspace,
				}
				wait() 
				S:play() 
				game:GetService("Debris"):AddItem(S, 10)
			end))
		end;
	};

	["TimeSound"] = {
		Create = function(id, par, vol, pit, timepos) 
			coroutine.resume(coroutine.create(function()
				local S = Create("Sound"){
					Volume = vol,
                                        Name = "EffectSoundo",
					Pitch = pit or 1,
					SoundId = id,
                                        TimePosition = timepos,
					Parent = par or workspace,
				}
				wait() 
				S:play() 
				game:GetService("Debris"):AddItem(S, 10)
			end))
		end;
	};
		["EchoSound"] = {
		Create = function(id, par, vol, pit, timepos,delays,echodelay,fedb,dryl) 
			coroutine.resume(coroutine.create(function()
				local Sas = Create("Sound"){
					Volume = vol,
                    Name = "EffectSoundo",
					Pitch = pit or 1,
					SoundId = id,
                    TimePosition = timepos,
					Parent = par or workspace,
				}
				local E = Create("EchoSoundEffect"){
					Delay = echodelay,
                    Name = "Echo",
					Feedback = fedb,
                    DryLevel = dryl,
					Parent = Sas,
				}
				wait() 
				Sas:play() 
				game:GetService("Debris"):AddItem(Sas, delays)
			end))
		end;
	};

["LongSound"] = {
		Create = function(id, par, vol, pit) 
			coroutine.resume(coroutine.create(function()
				local S = Create("Sound"){
					Volume = vol,
					Pitch = pit or 1,
					SoundId = id,
					Parent = par or workspace,
				}
				wait() 
				S:play() 
				game:GetService("Debris"):AddItem(S, 60)
			end))
		end;
	};
	
	["ParticleEmitter"] = {
		Create = function(Parent, Color1, Color2, LightEmission, Size, Texture, Transparency, ZOffset, Accel, Drag, LockedToPart, VelocityInheritance, EmissionDirection, Enabled, LifeTime, Rate, Rotation, RotSpeed, Speed, VelocitySpread)
			local fp = Create("ParticleEmitter"){
				Parent = Parent,
				Color = ColorSequence.new(Color1, Color2),
				LightEmission = LightEmission,
				Size = Size,
				Texture = Texture,
				Transparency = Transparency,
				ZOffset = ZOffset,
				Acceleration = Accel,
				Drag = Drag,
				LockedToPart = LockedToPart,
				VelocityInheritance = VelocityInheritance,
				EmissionDirection = EmissionDirection,
				Enabled = Enabled,
				Lifetime = LifeTime,
				Rate = Rate,
				Rotation = Rotation,
				RotSpeed = RotSpeed,
				Speed = Speed,
				VelocitySpread = VelocitySpread,
			}
			return fp
		end;
	};

	CreateTemplate = {
	
	};
}
Character=game.workspace.tubaraonovaconta
	local function weldBetween(a, b)
	    local weldd = Instance.new("ManualWeld")
	    weldd.Part0 = a
	    weldd.Part1 = b
	    weldd.C0 = CFrame.new()
	    weldd.C1 = b.CFrame:inverse() * a.CFrame
	    weldd.Parent = a
	    return weldd
	end
	
	it=Instance.new
	
	function nooutline(part)
		part.TopSurface,part.BottomSurface,part.LeftSurface,part.RightSurface,part.FrontSurface,part.BackSurface = 10,10,10,10,10,10
	end
	
	function part(formfactor,parent,material,reflectance,transparency,brickcolor,name,size)
		local fp=it("Part")
		fp.formFactor=formfactor
		fp.Parent=parent
		fp.Reflectance=reflectance
		fp.Transparency=transparency
		fp.CanCollide=false
		fp.Locked=true
		fp.BrickColor=BrickColor.new(tostring(brickcolor))
		fp.Name=name
		fp.Size=size
		fp.Position=Character.Torso.Position
		nooutline(fp)
		fp.Material=material
		fp:BreakJoints()
		return fp
	end
	
	function mesh(Mesh,part,meshtype,meshid,offset,scale)
		local mesh=it(Mesh)
		mesh.Parent=part
		if Mesh=="SpecialMesh" then
			mesh.MeshType=meshtype
			mesh.MeshId=meshid
		end
		mesh.Offset=offset
		mesh.Scale=scale
		return mesh
	end
	
	function weld(parent,part0,part1,c0,c1)
		local weld=it("Weld")
		weld.Parent=parent
		weld.Part0=part0
		weld.Part1=part1
		weld.C0=c0
		weld.C1=c1
		return weld
	end
	function CreateWeldOrSnapOrMotor(TYPE, PARENT, PART0, PART1, C0, C1)
	local NEWWELD = Instance.new(TYPE)
	NEWWELD.Part0 = PART0
	NEWWELD.Part1 = PART1
	NEWWELD.C0 = C0
	NEWWELD.C1 = C1
	NEWWELD.Parent = PARENT
	return NEWWELD
	end
	function CreatePartie(FORMFACTOR, PARENT, MATERIAL, REFLECTANCE, TRANSPARENCY, BRICKCOLOR, NAME, SIZE, ANCHOR)
	local NEWPART = Instance.new("Part")
	NEWPART.formFactor = FORMFACTOR
	NEWPART.Reflectance = REFLECTANCE
	NEWPART.Transparency = TRANSPARENCY
	NEWPART.CanCollide = false
	NEWPART.Locked = true
	NEWPART.Anchored = true
	if ANCHOR == false then
		NEWPART.Anchored = false
	end
	NEWPART.BrickColor = BrickColor.new(tostring(BRICKCOLOR))
	NEWPART.Name = NAME
	NEWPART.Size = SIZE
	NEWPART.Position = Torso.Position
	NEWPART.Material = MATERIAL
	NEWPART:BreakJoints()
	NEWPART.Parent = PARENT
	return NEWPART
end
	Effects = Instance.new("Folder",char)
	Effects.Name = "Effect Folder"
	function FacialShadow()
	local SHADOWS = {}
	for i = 1, 16 do
		local FACE = CreatePartie(3, Effects, "Fabric", 0, 0 + (i - 1) / 16.2, "Dark stone grey", "FaceGradient", Vector3.new(1.01, 0.65, 1.01), false)
		FACE.Color = Color3.new(0, 0, 0)
		Head:FindFirstChildOfClass("SpecialMesh"):Clone().Parent = FACE
		CreateWeldOrSnapOrMotor("Weld", Head, Head, FACE, CFrame.new(0, 0.45 - (i - 1) / 25, 0), CFrame.new(0, 0, 0))
		table.insert(SHADOWS, FACE)
	end
	local function UNDO()
		for i = 1, #SHADOWS do
			SHADOWS[i]:remove()
		end
	end
	return UNDO
	end
	function parts(Par,name,size,color,mat,ref,tra)
local part=Create("Part"){
Parent=Par,
Name=name,
Size=size,
CanCollide=false,
Anchored=false,
BrickColor=BrickColor.new(color),
Material=mat,
Reflectance=ref,
Transparency=tra}

part:BreakJoints()
return part 
end

function meshs(Par,name,scale,mtype,id)
local mesh=Create("SpecialMesh"){
Parent=Par,
Name=name,
Scale=scale,
MeshType=mtype}
if id~="" then
mesh.MeshId="rbxassetid://"..id
end
return meshs
end

function welds(Par,name,p0,p1,c0,c1)
local weld=Create("Weld"){
Parent=Par,
Name=name,
Part0=p0,
Part1=p1,
C0=c0,
C1=c1}
return weld
end
m = Instance.new("Model",Character)
gunty=m



R2=parts(m,"R2",Vector3.new(0.200000003, 0.400000006, 0.400000006),"Smoky grey",Enum.Material.Neon,0,0)
R2Weld=welds(R2,"R2Weld",RArm,R2,CFrame.new(0, 0, 0, 1, 0, 0, 0, 1, 0, 0, 0, 1),CFrame.new(0.419994354, 0.134350777, 0.148492813, -1, 0, 0, 0, 0.707106769, 0.707106829, 0, 0.707106769, -0.707106829))
meshs(R2,"Mesh",Vector3.new(1, 1, 1),Enum.MeshType.Brick,"")
R2=parts(m,"R2",Vector3.new(0.200000003, 0.200000003, 0.200000003),"Smoky grey",Enum.Material.Neon,0,0)
R2Weld=welds(R2,"R2Weld",RArm,R2,CFrame.new(0, 0, 0, 1, 0, 0, 0, 1, 0, 0, 0, 1),CFrame.new(0.419994354, -0.219202042, -0.205059052, -1, 0, 0, 0, 0.707106769, 0.707106829, 0, 0.707106769, -0.707106829))
meshs(R2,"Mesh",Vector3.new(1, 1, 1),Enum.MeshType.Brick,"")
R2=parts(m,"R2",Vector3.new(0.200000003, 0.200000003, 0.200000003),"Smoky grey",Enum.Material.Neon,0,0)
R2Weld=welds(R2,"R2Weld",RArm,R2,CFrame.new(0, 0, 0, 1, 0, 0, 0, 1, 0, 0, 0, 1),CFrame.new(0.419994354, -0.473760605, -0.459617615, -1, 0, 0, 0, 0.707106769, 0.707106829, 0, 0.707106769, -0.707106829))
meshs(R2,"Mesh",Vector3.new(1, 1, 1),Enum.MeshType.Brick,"")
R1=parts(m,"R1",Vector3.new(0.200000003, 0.0799999982, 0.0799999982),"Mid gray",Enum.Material.Neon,0,0)
R1Weld=welds(R1,"R1Weld",RArm,R1,CFrame.new(0, 0, 0, 1, 0, 0, 0, 1, 0, 0, 0, 1),CFrame.new(0.419994354, -0.0212125778, -0.162633896, -1, 0, 0, 0, 0.707106769, 0.707106829, 0, 0.707106769, -0.707106829))
meshs(R1,"Mesh",Vector3.new(1, 1, 1),Enum.MeshType.Brick,"")
R1=parts(m,"R1",Vector3.new(0.200000003, 0.0799999982, 0.0799999982),"Mid gray",Enum.Material.Neon,0,0)
R1Weld=welds(R1,"R1Weld",RArm,R1,CFrame.new(0, 0, 0, 1, 0, 0, 0, 1, 0, 0, 0, 1),CFrame.new(0.419994354, -0.268699646, -0.41012001, -1, 0, 0, 0, 0.707106769, 0.707106829, 0, 0.707106769, -0.707106829))
meshs(R1,"Mesh",Vector3.new(1, 1, 1),Enum.MeshType.Brick,"")
R1=parts(m,"R1",Vector3.new(0.200000003, 0.0799999982, 0.0799999982),"Mid gray",Enum.Material.Neon,0,0)
R1Weld=welds(R1,"R1Weld",RArm,R1,CFrame.new(0, 0, 0, 1, 0, 0, 0, 1, 0, 0, 0, 1),CFrame.new(0.419994354, -0.424263954, -0.254556656, -1, 0, 0, 0, 0.707106769, 0.707106829, 0, 0.707106769, -0.707106829))
meshs(R1,"Mesh",Vector3.new(1, 1, 1),Enum.MeshType.Brick,"")
R1=parts(m,"R1",Vector3.new(0.200000003, 0.0799999982, 0.0799999982),"Mid gray",Enum.Material.Neon,0,0)
R1Weld=welds(R1,"R1Weld",RArm,R1,CFrame.new(0, 0, 0, 1, 0, 0, 0, 1, 0, 0, 0, 1),CFrame.new(0.419994354, -0.176776886, -0.00706863403, -1, 0, 0, 0, 0.707106769, 0.707106829, 0, 0.707106769, -0.707106829))
meshs(R1,"Mesh",Vector3.new(1, 1, 1),Enum.MeshType.Brick,"")
R1=parts(m,"R1",Vector3.new(0.180000007, 0.200000003, 0.100000001),"Medium stone grey",Enum.Material.Neon,0,0)
R1Weld=welds(R1,"R1Weld",RArm,R1,CFrame.new(0, 0, 0, 1, 0, 0, 0, 1, 0, 0, 0, 1),CFrame.new(-0.220001221, -0.862760544, 0.739753723, 0, 1.48607702e-41, -1, 0.933451414, 0.358703732, -5.33053936e-42, 0.358703762, -0.933451295, 1.38714535e-41))
meshs(R1,"Mesh",Vector3.new(0.200000003, 1, 1),Enum.MeshType.Wedge,"")
R1=parts(m,"R1",Vector3.new(0.180000007, 0.200000003, 0.100000001),"Medium stone grey",Enum.Material.Neon,0,0)
R1Weld=welds(R1,"R1Weld",RArm,R1,CFrame.new(0, 0, 0, 1, 0, 0, 0, 1, 0, 0, 0, 1),CFrame.new(0.239999771, -0.862760544, 0.739753723, 0, 1.48607702e-41, -1, 0.933451414, 0.358703732, -5.33053936e-42, 0.358703762, -0.933451295, 1.38714535e-41))
meshs(R1,"Mesh",Vector3.new(0.200000003, 1, 1),Enum.MeshType.Wedge,"")
R1=parts(m,"R1",Vector3.new(0.150000006, 0.200000003, 0.200000003),"Medium stone grey",Enum.Material.Neon,0,0)
R1Weld=welds(R1,"R1Weld",RArm,R1,CFrame.new(0, 0, 0, 1, 0, 0, 0, 1, 0, 0, 0, 1),CFrame.new(-0.220001221, -0.896935225, -0.666307449, 0, 1.48607702e-41, -1, -0.280028909, 0.959991515, -1.42666197e-41, 0.959991634, 0.28002888, -4.16185644e-42))
meshs(R1,"Mesh",Vector3.new(0.200000003, 1, 1),Enum.MeshType.Wedge,"")
R1=parts(m,"R1",Vector3.new(0.150000006, 0.200000003, 0.200000003),"Medium stone grey",Enum.Material.Neon,0,0)
R1Weld=welds(R1,"R1Weld",RArm,R1,CFrame.new(0, 0, 0, 1, 0, 0, 0, 1, 0, 0, 0, 1),CFrame.new(0.239999771, -0.896935225, -0.666307449, 0, 1.48607702e-41, -1, -0.280028909, 0.959991515, -1.42666197e-41, 0.959991634, 0.28002888, -4.16185644e-42))
meshs(R1,"Mesh",Vector3.new(0.200000003, 1, 1),Enum.MeshType.Wedge,"")

R1=parts(m,"R1",Vector3.new(0.150000006, 0.400000006, 0.200000003),"Medium stone grey",Enum.Material.Neon,0,0)
R1Weld=welds(R1,"R1Weld",RArm,R1,CFrame.new(0, 0, 0, 1, 0, 0, 0, 1, 0, 0, 0, 1),CFrame.new(0.239999771, -0.218418121, -1.05363274, 0, 1.48607702e-41, -1, -0.907014251, 0.42110002, -6.25819894e-42, 0.42110005, 0.907014132, -1.34790899e-41))
meshs(R1,"Mesh",Vector3.new(0.200000003, 1, 1),Enum.MeshType.Wedge,"")
R1=parts(m,"R1",Vector3.new(0.150000006, 0.400000006, 0.200000003),"Medium stone grey",Enum.Material.Neon,0,0)
R1Weld=welds(R1,"R1Weld",RArm,R1,CFrame.new(0, 0, 0, 1, 0, 0, 0, 1, 0, 0, 0, 1),CFrame.new(-0.220001221, -0.218418121, -1.05363274, 0, 1.48607702e-41, -1, -0.907014251, 0.42110002, -6.25819894e-42, 0.42110005, 0.907014132, -1.34790899e-41))
meshs(R1,"Mesh",Vector3.new(0.200000003, 1, 1),Enum.MeshType.Wedge,"")

R2=parts(m,"R2",Vector3.new(0.199999958, 0.100000001, 1),"Medium stone grey",Enum.Material.Neon,0,0)
R2Weld=welds(R2,"R2Weld",RArm,R2,CFrame.new(0, 0, 0, 1, 0, 0, 0, 1, 0, 0, 0, 1),CFrame.new(0.201862335, -0.581261635, 0, -0.956305027, 0.292370975, -4.34542654e-42, 0.292371005, 0.956304908, -1.4211969e-41, 0, 1.48607702e-41, -1))
meshs(R2,"Mesh",Vector3.new(1, 1, 1.02999997),Enum.MeshType.Brick,"")
R2=parts(m,"R2",Vector3.new(0.199999958, 0.100000001, 1),"Medium stone grey",Enum.Material.Neon,0,0)
R2Weld=welds(R2,"R2Weld",RArm,R2,CFrame.new(0, 0, 0, 1, 0, 0, 0, 1, 0, 0, 0, 1),CFrame.new(-0.0981369019, -0.581263542, 0, -0.956305027, 0.292370975, -4.34542654e-42, 0.292371005, 0.956304908, -1.4211969e-41, 0, 1.48607702e-41, -1))
meshs(R2,"Mesh",Vector3.new(1, 1, 1.02999997),Enum.MeshType.Brick,"")
R2=parts(m,"R2",Vector3.new(0.199999958, 0.100000001, 1),"Medium stone grey",Enum.Material.Neon,0,0)
R2Weld=welds(R2,"R2Weld",RArm,R2,CFrame.new(0, 0, 0, 1, 0, 0, 0, 1, 0, 0, 0, 1),CFrame.new(0.00185966492, -0.101263046, 0, -0.956305027, 0.292370975, -4.34542654e-42, 0.292371005, 0.956304908, -1.4211969e-41, 0, 1.48607702e-41, -1))
meshs(R2,"Mesh",Vector3.new(1, 1, 1.02999997),Enum.MeshType.Brick,"")
R2=parts(m,"R2",Vector3.new(0.199999958, 0.100000001, 1),"Medium stone grey",Enum.Material.Neon,0,0)
R2Weld=welds(R2,"R2Weld",RArm,R2,CFrame.new(0, 0, 0, 1, 0, 0, 0, 1, 0, 0, 0, 1),CFrame.new(-0.398138046, -0.581264496, 0, -0.956305027, 0.292370975, -4.34542654e-42, 0.292371005, 0.956304908, -1.4211969e-41, 0, 1.48607702e-41, -1))
meshs(R2,"Mesh",Vector3.new(1, 1, 1.02999997),Enum.MeshType.Brick,"")
R2=parts(m,"R2",Vector3.new(0.199999958, 0.100000001, 1),"Medium stone grey",Enum.Material.Neon,0,0)
R2Weld=welds(R2,"R2Weld",RArm,R2,CFrame.new(0, 0, 0, 1, 0, 0, 0, 1, 0, 0, 0, 1),CFrame.new(-0.298141479, -0.101261139, 0, -0.956305027, 0.292370975, -4.34542654e-42, 0.292371005, 0.956304908, -1.4211969e-41, 0, 1.48607702e-41, -1))
meshs(R2,"Mesh",Vector3.new(1, 1, 1.02999997),Enum.MeshType.Brick,"")
R2=parts(m,"R2",Vector3.new(0.199999958, 0.100000001, 1),"Medium stone grey",Enum.Material.Neon,0,0)
R2Weld=welds(R2,"R2Weld",RArm,R2,CFrame.new(0, 0, 0, 1, 0, 0, 0, 1, 0, 0, 0, 1),CFrame.new(0.301858902, -0.101263046, 0, -0.956305027, 0.292370975, -4.34542654e-42, 0.292371005, 0.956304908, -1.4211969e-41, 0, 1.48607702e-41, -1))
meshs(R2,"Mesh",Vector3.new(1, 1, 1.02999997),Enum.MeshType.Brick,"")



--Glove
--
handle=part(Enum.FormFactor.Custom,gunty,Enum.Material.SmoothPlastic,0,0,"Black","Handle",Vector3.new(0.906348407, 0.543809175, 0.906348526))
handleweld=weld(m,Character["Right Arm"],handle,CFrame.new(0, 0, 0, 1, 0, 0, 0, 1, 0, 0, 0, 1),CFrame.new(0.0220181942, 0.747646809, -0.0157516003, -0.702657402, 0.00104645349, -0.711527646, -0.00115135673, 0.999995887, 0.00260771252, 0.711527407, 0.00265155057, -0.702653289))
mesh("BlockMesh",handle,"","",Vector3.new(0, 0, 0),Vector3.new(0.5, 1.03999996, 0.5))
MBoot1=part(Enum.FormFactor.Custom,gunty,Enum.Material.SmoothPlastic,0,0,"Black","MBoot1",Vector3.new(0.906348407, 0.543809175, 0.906348526))
MBoot1weld=weld(m,handle,MBoot1,CFrame.new(0, 0, 0, 1, 0, 0, 0, 1, 0, 0, 0, 1),CFrame.new(0, 0, 0, 0.866022289, -2.02073716e-06, 0.500005305, 2.45054252e-07, 1, 3.61632556e-06, -0.500005364, -3.00799729e-06, 0.866022348))
mesh("BlockMesh",MBoot1,"","",Vector3.new(0, 0, 0),Vector3.new(0.699999988, 1.01999998, 0.699999988))
MBoot1=part(Enum.FormFactor.Custom,gunty,Enum.Material.SmoothPlastic,0,0,"Black","MBoot1",Vector3.new(0.906348407, 0.543809175, 0.906348526))
MBoot1weld=weld(m,handle,MBoot1,CFrame.new(0, 0, 0, 1, 0, 0, 0, 1, 0, 0, 0, 1),CFrame.new(0, 0, 0, 1.00000012, -1.89989805e-07, 3.87430191e-07, 1.88243575e-07, 1.00000012, -1.4831312e-07, -3.87430191e-07, 1.48895197e-07, 1))
mesh("BlockMesh",MBoot1,"","",Vector3.new(0, 0, 0),Vector3.new(0.699999988, 1.01999998, 0.699999988))
MBoot1=part(Enum.FormFactor.Custom,gunty,Enum.Material.SmoothPlastic,0,0,"Black","MBoot1",Vector3.new(0.906348407, 0.543809175, 0.906348526))
MBoot1weld=weld(m,handle,MBoot1,CFrame.new(0, 0, 0, 1, 0, 0, 0, 1, 0, 0, 0, 1),CFrame.new(0, 0, 0, 0.866025805, 2.18470814e-06, -0.499999404, -3.52947973e-06, 1.00000012, -1.74110755e-06, 0.499999493, 3.27359885e-06, 0.866025627))
mesh("BlockMesh",MBoot1,"","",Vector3.new(0, 0, 0),Vector3.new(0.699999988, 1.01999998, 0.699999988))
MBoot1=part(Enum.FormFactor.Custom,gunty,Enum.Material.SmoothPlastic,0,0,"Black","MBoot1",Vector3.new(0.906348407, 0.543809175, 0.906348526))
MBoot1weld=weld(m,handle,MBoot1,CFrame.new(0, 0, 0, 1, 0, 0, 0, 1, 0, 0, 0, 1),CFrame.new(0, 0, 0, 0.707108915, 3.17156446e-06, -0.707104623, -5.37338201e-06, 1.00000012, -8.86851922e-07, 0.707104802, 4.42727469e-06, 0.707108915))
mesh("BlockMesh",MBoot1,"","",Vector3.new(0, 0, 0),Vector3.new(0.5, 1.03999996, 0.5))
MBoot1=part(Enum.FormFactor.Custom,gunty,Enum.Material.SmoothPlastic,0,0,"Black","MBoot1",Vector3.new(0.906348407, 0.543809175, 0.906348526))
MBoot1weld=weld(m,handle,MBoot1,CFrame.new(0, 0, 0, 1, 0, 0, 0, 1, 0, 0, 0, 1),CFrame.new(0, 0, 0, 0.707108915, 3.17156446e-06, -0.707104623, -5.37338201e-06, 1.00000012, -8.86851922e-07, 0.707104802, 4.42727469e-06, 0.707108915))
mesh("BlockMesh",MBoot1,"","",Vector3.new(0, 0, 0),Vector3.new(0.699999988, 1.01999998, 0.699999988))
MNeon=part(Enum.FormFactor.Custom,gunty,Enum.Material.SmoothPlastic,0,0,"Black","MNeon",Vector3.new(0.906348407, 0.543809175, 0.906348526))
MNeonweld=weld(m,handle,MNeon,CFrame.new(0, 0, 0, 1, 0, 0, 0, 1, 0, 0, 0, 1),CFrame.new(1.43051147e-05, 3.33786011e-06, 6.91413879e-06, 0.707099676, -2.96160579e-06, 0.707113922, -9.63453203e-07, 1.00000012, 5.1545212e-06, -0.707113981, -4.32463457e-06, 0.707099617))
mesh("BlockMesh",MNeon,"","",Vector3.new(0, 0, 0),Vector3.new(0.850000024, 1.00999999, 0.850000024))
MNeon=part(Enum.FormFactor.Custom,gunty,Enum.Material.Neon,0,0,MAINRUINCOLOR,"MNeon",Vector3.new(0.906348407, 0.543809175, 0.906348526))
MNeonweld=weld(m,handle,MNeon,CFrame.new(0, 0, 0, 1, 0, 0, 0, 1, 0, 0, 0, 1),CFrame.new(0, 0, 0, 1.00000012, -1.89989805e-07, 3.87430191e-07, 1.88243575e-07, 1.00000012, -1.4831312e-07, -3.87430191e-07, 1.48895197e-07, 1))
mesh("BlockMesh",MNeon,"","",Vector3.new(0, 0, 0),Vector3.new(0.600000024, 1.02999997, 0.600000024))
MNeon=part(Enum.FormFactor.Custom,gunty,Enum.Material.Neon,0,0,MAINRUINCOLOR,"MNeon",Vector3.new(0.906348407, 0.543809175, 0.906348526))
MNeonweld=weld(m,handle,MNeon,CFrame.new(0, 0, 0, 1, 0, 0, 0, 1, 0, 0, 0, 1),CFrame.new(0, 0, 0, 0.707108915, 3.17156446e-06, -0.707104623, -5.37338201e-06, 1.00000012, -8.86851922e-07, 0.707104802, 4.42727469e-06, 0.707108915))
mesh("BlockMesh",MNeon,"","",Vector3.new(0, 0, 0),Vector3.new(0.600000024, 1.02999997, 0.600000024))
MNeon=part(Enum.FormFactor.Custom,gunty,Enum.Material.Neon,0,0,MAINRUINCOLOR,"MNeon",Vector3.new(0.906348407, 0.543809175, 0.906348526))
MNeonweld=weld(m,handle,MNeon,CFrame.new(0, 0, 0, 1, 0, 0, 0, 1, 0, 0, 0, 1),CFrame.new(0, 0, 0, 0.866022289, -2.02073716e-06, 0.500005305, 2.45054252e-07, 1, 3.61632556e-06, -0.500005364, -3.00799729e-06, 0.866022348))
mesh("BlockMesh",MNeon,"","",Vector3.new(0, 0, 0),Vector3.new(0.600000024, 1.02999997, 0.600000024))
MNeon=part(Enum.FormFactor.Custom,gunty,Enum.Material.Neon,0,0,MAINRUINCOLOR,"MNeon",Vector3.new(0.906348407, 0.543809175, 0.906348526))
MNeonweld=weld(m,handle,MNeon,CFrame.new(0, 0, 0, 1, 0, 0, 0, 1, 0, 0, 0, 1),CFrame.new(0, 0, 0, 0.866025805, 2.18470814e-06, -0.499999404, -3.52947973e-06, 1.00000012, -1.74110755e-06, 0.499999493, 3.27359885e-06, 0.866025627))
mesh("BlockMesh",MNeon,"","",Vector3.new(0, 0, 0),Vector3.new(0.600000024, 1.02999997, 0.600000024))
MNeon1=part(Enum.FormFactor.Custom,gunty,Enum.Material.Neon,0,0,MAINRUINCOLOR,"MNeon1",Vector3.new(0.906348407, 0.543809175, 0.200000003))
MNeon1weld=weld(m,handle,MNeon1,CFrame.new(0, 0, 0, 1, 0, 0, 0, 1, 0, 0, 0, 1),CFrame.new(9.77516174e-06, -6.91413879e-06, 0.154139996, 0.707108915, 3.17156446e-06, -0.707104623, -5.37338201e-06, 1.00000012, -8.86851922e-07, 0.707104802, 4.42727469e-06, 0.707108915))
mesh("BlockMesh",MNeon1,"","",Vector3.new(0, 0, 0),Vector3.new(0.699999988, 1.04999995, 0.0906348526))
MNeon1=part(Enum.FormFactor.Custom,gunty,Enum.Material.Neon,0,0,MAINRUINCOLOR,"MNeon1",Vector3.new(0.906348407, 0.543809175, 0.200000003))
MNeon1weld=weld(m,handle,MNeon1,CFrame.new(0, 0, 0, 1, 0, 0, 0, 1, 0, 0, 0, 1),CFrame.new(-7.15255737e-06, 6.67572021e-06, -0.154094577, 0.707099915, -2.91550532e-06, 0.707113683, -1.02224294e-06, 1.00000012, 5.14776912e-06, -0.707113743, -4.36153096e-06, 0.707099795))
mesh("BlockMesh",MNeon1,"","",Vector3.new(0, 0, 0),Vector3.new(0.699999988, 1.04999995, 0.0906348526))
MNeon1=part(Enum.FormFactor.Custom,gunty,Enum.Material.Neon,0,0,MAINRUINCOLOR,"MNeon1",Vector3.new(0.906348407, 0.543809175, 0.200000003))
MNeon1weld=weld(m,handle,MNeon1,CFrame.new(0, 0, 0, 1, 0, 0, 0, 1, 0, 0, 0, 1),CFrame.new(2.75373459e-05, -1.52587891e-05, 0.181312561, 0.707108915, 3.17156446e-06, -0.707104623, -5.37338201e-06, 1.00000012, -8.86851922e-07, 0.707104802, 4.42727469e-06, 0.707108915))
mesh("BlockMesh",MNeon1,"","",Vector3.new(0, 0, 0),Vector3.new(0.699999988, 1.04999995, 0.0543809123))
MNeon1=part(Enum.FormFactor.Custom,gunty,Enum.Material.Neon,0,0,MAINRUINCOLOR,"MNeon1",Vector3.new(0.906348407, 0.543809175, 0.200000003))
MNeon1weld=weld(m,handle,MNeon1,CFrame.new(0, 0, 0, 1, 0, 0, 0, 1, 0, 0, 0, 1),CFrame.new(6.91413879e-05, -6.19888306e-06, 0.154109597, 0.707099915, -2.91550532e-06, 0.707113683, -1.02224294e-06, 1.00000012, 5.14776912e-06, -0.707113743, -4.36153096e-06, 0.707099795))
mesh("BlockMesh",MNeon1,"","",Vector3.new(0, 0, 0),Vector3.new(0.699999988, 1.04999995, 0.0906348526))
MNeon1=part(Enum.FormFactor.Custom,gunty,Enum.Material.Neon,0,0,MAINRUINCOLOR,"MNeon1",Vector3.new(0.906348407, 0.543809175, 0.200000003))
MNeon1weld=weld(m,handle,MNeon1,CFrame.new(0, 0, 0, 1, 0, 0, 0, 1, 0, 0, 0, 1),CFrame.new(2.05039978e-05, 1.16825104e-05, -0.181295872, 1.00000012, 1.79745257e-07, 5.96046448e-08, -1.81724317e-07, 1.00000012, -2.56113708e-08, 0, 2.6775524e-08, 0.999999881))
mesh("BlockMesh",MNeon1,"","",Vector3.new(0, 0, 0),Vector3.new(0.600000024, 1.04999995, 0.0543809123))
MNeon1=part(Enum.FormFactor.Custom,gunty,Enum.Material.Neon,0,0,MAINRUINCOLOR,"MNeon1",Vector3.new(0.906348407, 0.543809175, 0.200000003))
MNeon1weld=weld(m,handle,MNeon1,CFrame.new(0, 0, 0, 1, 0, 0, 0, 1, 0, 0, 0, 1),CFrame.new(2.49147415e-05, 5.7220459e-06, -0.181298971, 0.707108915, 3.17156446e-06, -0.707104623, -5.37338201e-06, 1.00000012, -8.86851922e-07, 0.707104802, 4.42727469e-06, 0.707108915))
mesh("BlockMesh",MNeon1,"","",Vector3.new(0, 0, 0),Vector3.new(0.699999988, 1.04999995, 0.0543809123))
MNeon1=part(Enum.FormFactor.Custom,gunty,Enum.Material.Neon,0,0,MAINRUINCOLOR,"MNeon1",Vector3.new(0.906348407, 0.543809175, 0.200000003))
MNeon1weld=weld(m,handle,MNeon1,CFrame.new(0, 0, 0, 1, 0, 0, 0, 1, 0, 0, 0, 1),CFrame.new(-1.09672546e-05, -1.57356262e-05, 0.154080868, 1.00000012, 1.79745257e-07, 5.96046448e-08, -1.81724317e-07, 1.00000012, -2.56113708e-08, 0, 2.6775524e-08, 0.999999881))
mesh("BlockMesh",MNeon1,"","",Vector3.new(0, 0, 0),Vector3.new(0.600000024, 1.04999995, 0.0906348526))
MNeon1=part(Enum.FormFactor.Custom,gunty,Enum.Material.Neon,0,0,MAINRUINCOLOR,"MNeon1",Vector3.new(0.906348407, 0.543809175, 0.200000003))
MNeon1weld=weld(m,handle,MNeon1,CFrame.new(0, 0, 0, 1, 0, 0, 0, 1, 0, 0, 0, 1),CFrame.new(4.19616699e-05, -1.8119812e-05, 0.181271374, -0.707099915, 3.09431925e-06, -0.707113683, -8.8987872e-07, 1.00000012, 5.26837539e-06, 0.707113743, 4.35338188e-06, -0.707099795))
mesh("BlockMesh",MNeon1,"","",Vector3.new(0, 0, 0),Vector3.new(0.699999988, 1.04999995, 0.0543809123))
MNeon1=part(Enum.FormFactor.Custom,gunty,Enum.Material.Neon,0,0,MAINRUINCOLOR,"MNeon1",Vector3.new(0.906348407, 0.543809175, 0.200000003))
MNeon1weld=weld(m,handle,MNeon1,CFrame.new(0, 0, 0, 1, 0, 0, 0, 1, 0, 0, 0, 1),CFrame.new(3.67164612e-05, 2.62260437e-06, -0.154065609, 0.707108915, 3.17156446e-06, -0.707104623, -5.37338201e-06, 1.00000012, -8.86851922e-07, 0.707104802, 4.42727469e-06, 0.707108915))
mesh("BlockMesh",MNeon1,"","",Vector3.new(0, 0, 0),Vector3.new(0.699999988, 1.04999995, 0.0906348526))
MNeon1=part(Enum.FormFactor.Custom,gunty,Enum.Material.Neon,0,0,MAINRUINCOLOR,"MNeon1",Vector3.new(0.906348407, 0.543809175, 0.200000003))
MNeon1weld=weld(m,handle,MNeon1,CFrame.new(0, 0, 0, 1, 0, 0, 0, 1, 0, 0, 0, 1),CFrame.new(-9.53674316e-05, -1.43051147e-06, -0.181271672, -0.707099915, 3.09431925e-06, -0.707113683, -8.8987872e-07, 1.00000012, 5.26837539e-06, 0.707113743, 4.35338188e-06, -0.707099795))
mesh("BlockMesh",MNeon1,"","",Vector3.new(0, 0, 0),Vector3.new(0.699999988, 1.04999995, 0.0543809123))
MNeon1=part(Enum.FormFactor.Custom,gunty,Enum.Material.Neon,0,0,MAINRUINCOLOR,"MNeon1",Vector3.new(0.906348407, 0.543809175, 0.200000003))
MNeon1weld=weld(m,handle,MNeon1,CFrame.new(0, 0, 0, 1, 0, 0, 0, 1, 0, 0, 0, 1),CFrame.new(1.1920929e-05, -5.96046448e-06, -0.181238174, 1.23381615e-05, 4.55742702e-06, -1, -6.12123404e-06, 1.00000012, 4.55719419e-06, 1, 6.11972064e-06, 1.23977661e-05))
mesh("BlockMesh",MNeon1,"","",Vector3.new(0, 0, 0),Vector3.new(0.600000024, 1.04999995, 0.0543809123))
MNeon1=part(Enum.FormFactor.Custom,gunty,Enum.Material.Neon,0,0,MAINRUINCOLOR,"MNeon1",Vector3.new(0.906348407, 0.543809175, 0.200000003))
MNeon1weld=weld(m,handle,MNeon1,CFrame.new(0, 0, 0, 1, 0, 0, 0, 1, 0, 0, 0, 1),CFrame.new(-4.529953e-05, 1.1920929e-06, -0.154067039, -1.24275684e-05, -4.40212898e-06, 1, -6.18852209e-06, 1.00000012, 4.40143049e-06, -1.00000012, -6.18561171e-06, -1.24871731e-05))
mesh("BlockMesh",MNeon1,"","",Vector3.new(0, 0, 0),Vector3.new(0.600000024, 1.04999995, 0.0906348526))
MNeon1=part(Enum.FormFactor.Custom,gunty,Enum.Material.Neon,0,0,MAINRUINCOLOR,"MNeon1",Vector3.new(0.906348407, 0.543809175, 0.200000003))
MNeon1weld=weld(m,handle,MNeon1,CFrame.new(0, 0, 0, 1, 0, 0, 0, 1, 0, 0, 0, 1),CFrame.new(3.79085541e-05, -3.81469727e-06, 0.181278467, 1.00000012, 1.79745257e-07, 5.96046448e-08, -1.81724317e-07, 1.00000012, -2.56113708e-08, 0, 2.6775524e-08, 0.999999881))
mesh("BlockMesh",MNeon1,"","",Vector3.new(0, 0, 0),Vector3.new(0.600000024, 1.04999995, 0.0543809123))
MNeon1=part(Enum.FormFactor.Custom,gunty,Enum.Material.Neon,0,0,MAINRUINCOLOR,"MNeon1",Vector3.new(0.906348407, 0.543809175, 0.200000003))
MNeon1weld=weld(m,handle,MNeon1,CFrame.new(0, 0, 0, 1, 0, 0, 0, 1, 0, 0, 0, 1),CFrame.new(-6.19888306e-06, 1.90734863e-06, -0.154108286, 1.00000012, 1.79745257e-07, 5.96046448e-08, -1.81724317e-07, 1.00000012, -2.56113708e-08, 0, 2.6775524e-08, 0.999999881))
mesh("BlockMesh",MNeon1,"","",Vector3.new(0, 0, 0),Vector3.new(0.600000024, 1.04999995, 0.0906348526))
MNeon1=part(Enum.FormFactor.Custom,gunty,Enum.Material.Neon,0,0,MAINRUINCOLOR,"MNeon1",Vector3.new(0.906348407, 0.543809175, 0.200000003))
MNeon1weld=weld(m,handle,MNeon1,CFrame.new(0, 0, 0, 1, 0, 0, 0, 1, 0, 0, 0, 1),CFrame.new(-4.31537628e-05, -8.82148743e-06, 0.181280136, 1.23381615e-05, 4.55742702e-06, -1, -6.12123404e-06, 1.00000012, 4.55719419e-06, 1, 6.11972064e-06, 1.23977661e-05))
mesh("BlockMesh",MNeon1,"","",Vector3.new(0, 0, 0),Vector3.new(0.600000024, 1.04999995, 0.0543809123))
MNeon1=part(Enum.FormFactor.Custom,gunty,Enum.Material.Neon,0,0,MAINRUINCOLOR,"MNeon1",Vector3.new(0.906348407, 0.543809175, 0.200000003))
